1 2 1
1 3 1
1 4 1
1 5 1
1 6 1
1 7 1
1 8 1
1 9 1
1 10 1
1 11 1
1 12 1
1 13 1
1 14 1
1 15 1
1 16 1
1 17 1
1 18 1
1 19 1
2 19 1
2 58 1
2 59 1
2 60 1
2 61 1
2 62 1
2 63 1
2 64 1
2 68 1
2 71 1
2 72 1
2 78 1
2 95 1
2 97 1
2 98 1
3 19 1
3 21 1
3 42 1
3 47 1
3 49 1
3 58 1
3 59 1
3 60 1
3 61 1
3 62 1
3 63 1
3 64 1
3 68 1
3 71 1
3 72 1
3 73 1
3 76 1
3 78 1
3 79 1
3 80 1
3 81 1
3 87 1
3 98 1
4 19 1
4 42 1
4 47 1
4 49 1
4 60 1
4 61 1
4 62 1
4 64 1
4 71 1
4 98 1
5 19 1
5 58 1
5 59 1
5 60 1
5 61 1
5 62 1
5 63 1
5 64 1
5 68 1
5 69 1
5 72 1
5 78 1
6 19 1
6 21 1
6 59 1
6 60 1
6 61 1
6 62 1
6 64 1
6 68 1
6 69 1
6 72 1
6 78 1
6 95 1
6 97 1
6 98 1
7 16 1
7 19 1
7 59 1
7 60 1
7 61 1
7 62 1
7 64 1
7 68 1
7 72 1
7 78 1
7 95 1
7 97 1
7 98 1
8 19 1
8 59 1
8 60 1
8 61 1
8 62 1
8 64 1
8 68 1
8 71 1
8 72 1
8 78 1
8 95 1
8 97 1
8 98 1
9 21 1
9 55 1
9 65 1
9 66 1
9 67 1
9 71 1
9 73 1
9 76 1
9 77 1
9 79 1
9 80 1
9 81 1
9 82 1
9 84 1
9 87 1
9 98 1
9 128 1
10 18 1
10 19 1
10 20 1
10 21 1
10 31 1
10 42 1
10 55 1
10 82 1
10 83 1
10 85 1
10 88 1
10 114 1
10 115 1
10 124 1
10 127 1
10 128 1
11 18 1
11 19 1
11 20 1
11 21 1
11 31 1
11 42 1
11 55 1
11 82 1
11 83 1
11 85 1
11 88 1
11 114 1
11 115 1
11 127 1
11 128 1
12 18 1
12 19 1
12 20 1
12 21 1
12 31 1
12 42 1
12 55 1
12 82 1
12 83 1
12 85 1
12 88 1
12 114 1
12 115 1
12 127 1
12 128 1
13 128 1
14 18 1
14 19 1
14 20 1
14 42 1
14 47 1
14 49 1
14 55 1
14 98 1
14 128 1
15 18 1
15 19 1
15 21 1
15 31 1
15 41 1
15 42 1
15 47 1
15 49 1
15 55 1
15 71 1
15 74 1
15 82 1
15 83 1
15 84 1
15 85 1
15 86 1
15 88 1
15 98 1
15 114 1
15 115 1
15 124 1
15 127 1
15 128 1
16 18 1
16 31 1
16 32 1
16 33 1
16 51 1
16 54 1
16 57 1
16 60 1
16 61 1
16 62 1
16 63 1
16 64 1
16 70 1
16 90 1
16 91 1
16 92 1
16 95 1
16 96 1
16 97 1
16 99 1
17 20 1
17 22 1
17 24 1
17 26 1
17 29 1
17 34 1
17 46 1
17 53 1
17 57 1
17 72 1
17 73 1
17 74 1
17 75 1
17 81 1
17 88 1
17 128 1
18 24 1
18 25 1
18 26 1
18 27 1
18 28 1
18 29 1
18 31 1
18 32 1
18 33 1
18 34 1
18 35 1
18 36 1
18 37 1
18 38 1
18 39 1
18 40 1
18 41 1
18 42 1
18 43 1
18 44 1
18 45 1
18 46 1
18 47 1
18 48 1
18 49 1
18 50 1
18 51 1
18 52 1
18 53 1
18 54 1
18 55 1
18 56 1
18 57 1
18 58 1
18 59 1
18 60 1
18 61 1
18 62 1
18 63 1
18 64 1
18 68 1
18 72 1
18 78 1
18 84 1
18 86 1
18 90 1
18 91 1
18 92 1
18 95 1
18 96 1
18 97 1
18 98 1
18 99 1
18 100 1
18 101 1
18 102 1
18 103 1
18 104 1
18 105 1
18 106 1
18 107 1
18 108 1
18 109 1
18 110 1
18 111 1
18 112 1
18 113 1
18 114 1
18 115 1
18 116 1
18 117 1
18 118 1
18 119 1
18 120 1
18 121 1
18 122 1
18 123 1
18 124 1
18 125 1
18 126 1
18 127 1
18 128 1
19 56 1
20 21 1
20 22 1
20 23 1
20 24 1
20 25 1
20 26 1
20 27 1
20 28 1
20 29 1
20 30 1
20 31 1
20 32 1
20 33 1
20 34 1
20 35 1
20 36 1
20 37 1
20 38 1
20 39 1
20 40 1
20 41 1
20 42 1
20 43 1
20 44 1
20 45 1
20 46 1
20 47 1
20 48 1
20 49 1
20 50 1
20 51 1
20 52 1
20 53 1
20 54 1
20 55 1
21 24 1
21 25 1
21 27 1
21 28 1
21 29 1
21 30 1
21 33 1
21 34 1
21 35 1
21 36 1
21 37 1
21 38 1
21 39 1
21 40 1
21 41 1
21 42 1
21 43 1
21 44 1
21 45 1
21 46 1
21 51 1
21 54 1
21 55 1
21 57 1
21 60 1
21 61 1
21 62 1
21 63 1
21 64 1
21 67 1
21 79 1
21 80 1
21 90 1
21 91 1
21 92 1
21 93 1
21 94 1
21 96 1
21 99 1
21 100 1
21 101 1
21 102 1
21 103 1
21 106 1
21 107 1
21 108 1
21 109 1
21 110 1
21 111 1
21 112 1
21 113 1
21 114 1
21 115 1
21 116 1
21 118 1
21 119 1
21 120 1
21 121 1
21 122 1
21 123 1
21 125 1
21 126 1
21 127 1
21 128 1
22 24 1
22 25 1
22 26 1
22 27 1
22 29 1
22 34 1
22 43 1
22 46 1
22 53 1
22 57 1
22 67 1
22 71 1
22 73 1
22 79 1
22 80 1
22 81 1
22 82 1
22 83 1
22 106 1
22 107 1
22 112 1
22 113 1
22 118 1
22 119 1
22 120 1
22 122 1
22 123 1
22 125 1
22 128 1
23 24 1
23 25 1
23 26 1
23 27 1
23 28 1
23 29 1
23 30 1
23 33 1
23 34 1
23 36 1
23 46 1
23 52 1
23 53 1
23 57 1
23 72 1
23 84 1
23 85 1
23 87 1
23 88 1
23 93 1
23 94 1
23 106 1
23 107 1
23 112 1
23 113 1
23 114 1
23 115 1
23 116 1
23 118 1
23 119 1
23 120 1
23 121 1
23 122 1
23 123 1
23 125 1
23 128 1
24 29 1
24 30 1
24 39 1
24 40 1
24 42 1
24 49 1
24 55 1
24 57 1
24 72 1
24 73 1
24 74 1
24 75 1
24 85 1
24 87 1
24 88 1
24 89 1
24 90 1
24 91 1
24 92 1
24 93 1
24 94 1
24 95 1
24 96 1
24 97 1
24 103 1
25 57 1
25 72 1
25 73 1
25 74 1
25 75 1
25 76 1
25 77 1
25 78 1
25 79 1
25 80 1
25 85 1
25 87 1
25 88 1
25 89 1
25 117 1
26 29 1
26 37 1
26 39 1
26 40 1
26 41 1
26 42 1
26 43 1
26 47 1
26 49 1
26 50 1
26 51 1
26 52 1
26 54 1
26 55 1
26 57 1
26 87 1
26 88 1
26 89 1
26 90 1
26 91 1
26 92 1
26 95 1
26 96 1
26 97 1
26 99 1
26 100 1
26 101 1
26 102 1
26 117 1
26 122 1
27 30 1
27 50 1
27 57 1
27 72 1
27 73 1
27 74 1
27 75 1
27 76 1
27 77 1
27 78 1
27 79 1
27 80 1
27 83 1
27 84 1
27 85 1
27 86 1
27 87 1
27 88 1
27 93 1
27 94 1
27 103 1
27 104 1
27 105 1
28 30 1
28 44 1
28 51 1
28 55 1
28 57 1
28 84 1
28 85 1
28 86 1
28 87 1
28 88 1
28 89 1
28 92 1
28 93 1
28 96 1
28 103 1
28 104 1
28 105 1
28 106 1
28 107 1
28 108 1
28 109 1
28 110 1
28 116 1
28 117 1
28 122 1
28 126 1
29 30 1
29 45 1
29 57 1
29 71 1
29 72 1
29 73 1
29 74 1
29 75 1
29 76 1
29 77 1
29 78 1
29 79 1
29 80 1
29 84 1
29 85 1
29 87 1
29 88 1
29 89 1
29 94 1
29 110 1
29 117 1
29 122 1
29 126 1
29 128 1
30 34 1
30 37 1
30 38 1
30 44 1
30 45 1
30 51 1
30 55 1
30 57 1
30 84 1
30 85 1
30 86 1
30 87 1
30 88 1
30 89 1
30 93 1
30 96 1
30 103 1
30 104 1
30 105 1
30 106 1
30 107 1
30 108 1
30 109 1
30 110 1
30 111 1
30 113 1
30 116 1
30 117 1
30 122 1
30 126 1
30 128 1
31 32 1
31 35 1
31 48 1
31 50 1
31 54 1
31 57 1
31 60 1
31 61 1
31 62 1
31 63 1
31 64 1
31 106 1
31 107 1
31 108 1
31 109 1
31 110 1
31 116 1
31 117 1
31 122 1
31 126 1
32 35 1
32 48 1
32 50 1
32 54 1
32 57 1
32 60 1
32 61 1
32 62 1
32 63 1
32 64 1
32 81 1
32 82 1
32 84 1
32 85 1
32 90 1
32 91 1
32 92 1
32 95 1
32 96 1
32 97 1
32 99 1
32 106 1
32 107 1
32 108 1
32 109 1
32 110 1
32 116 1
32 117 1
32 122 1
32 126 1
33 55 1
33 57 1
33 80 1
33 81 1
33 82 1
33 83 1
33 84 1
33 85 1
33 86 1
33 87 1
33 88 1
33 89 1
33 90 1
33 91 1
33 92 1
33 104 1
33 105 1
33 122 1
33 126 1
34 39 1
34 40 1
34 42 1
34 49 1
34 51 1
34 55 1
34 57 1
34 84 1
34 85 1
34 87 1
34 88 1
34 89 1
34 90 1
34 92 1
34 93 1
34 94 1
34 96 1
34 97 1
34 98 1
34 99 1
34 100 1
34 101 1
34 102 1
34 103 1
34 104 1
34 105 1
35 39 1
35 42 1
35 54 1
35 57 1
35 60 1
35 61 1
35 62 1
35 63 1
35 84 1
35 85 1
35 90 1
35 91 1
35 92 1
35 96 1
35 97 1
35 99 1
35 117 1
35 122 1
35 126 1
36 39 1
36 42 1
36 55 1
36 57 1
36 60 1
36 61 1
36 62 1
36 63 1
36 72 1
36 73 1
36 75 1
36 76 1
36 77 1
36 78 1
36 79 1
36 80 1
36 83 1
36 84 1
36 85 1
36 87 1
36 88 1
36 89 1
36 90 1
36 91 1
36 92 1
36 93 1
36 96 1
36 97 1
36 99 1
36 103 1
36 104 1
36 105 1
36 117 1
36 122 1
37 39 1
37 42 1
37 50 1
37 55 1
37 57 1
37 83 1
37 84 1
37 85 1
37 86 1
37 90 1
37 91 1
37 92 1
37 95 1
37 96 1
37 97 1
37 98 1
37 100 1
37 101 1
37 102 1
37 104 1
37 105 1
37 106 1
37 107 1
37 108 1
37 109 1
37 110 1
37 116 1
37 117 1
37 122 1
37 126 1
38 39 1
38 42 1
38 55 1
38 57 1
38 84 1
38 85 1
38 86 1
38 90 1
38 91 1
38 92 1
38 95 1
38 96 1
38 97 1
38 98 1
38 100 1
38 101 1
38 102 1
38 104 1
38 105 1
38 110 1
38 117 1
38 122 1
38 126 1
39 40 1
39 43 1
39 44 1
39 45 1
39 50 1
39 55 1
39 57 1
39 60 1
39 61 1
39 62 1
39 63 1
39 68 1
39 70 1
39 72 1
39 73 1
39 74 1
39 75 1
39 76 1
39 77 1
39 78 1
39 79 1
39 80 1
39 81 1
39 82 1
39 83 1
39 84 1
39 85 1
39 86 1
39 106 1
39 107 1
39 110 1
39 111 1
39 112 1
39 113 1
39 115 1
39 116 1
39 117 1
39 118 1
39 119 1
39 120 1
39 121 1
39 122 1
39 126 1
39 128 1
40 49 1
40 57 1
40 60 1
40 61 1
40 62 1
40 63 1
40 67 1
40 72 1
40 73 1
40 74 1
40 75 1
40 76 1
40 77 1
40 78 1
40 79 1
40 80 1
40 81 1
40 82 1
40 83 1
40 84 1
40 85 1
40 86 1
40 88 1
40 98 1
40 106 1
40 107 1
40 108 1
40 109 1
40 110 1
40 116 1
40 117 1
40 122 1
40 126 1
41 57 1
41 68 1
41 72 1
41 73 1
41 74 1
41 75 1
41 76 1
41 77 1
41 78 1
41 80 1
41 81 1
41 82 1
41 83 1
41 84 1
41 85 1
41 88 1
41 106 1
41 108 1
41 109 1
41 116 1
41 117 1
41 122 1
41 126 1
42 50 1
42 54 1
42 57 1
42 68 1
42 70 1
42 72 1
42 73 1
42 74 1
42 75 1
42 76 1
42 77 1
42 78 1
42 79 1
42 80 1
42 81 1
42 82 1
42 83 1
42 84 1
42 85 1
42 87 1
42 88 1
42 93 1
42 106 1
42 107 1
42 108 1
42 109 1
42 110 1
42 111 1
42 113 1
42 116 1
42 117 1
42 122 1
42 126 1
43 49 1
43 50 1
43 52 1
43 55 1
43 57 1
43 60 1
43 61 1
43 62 1
43 63 1
43 67 1
43 72 1
43 76 1
43 77 1
43 78 1
43 79 1
43 80 1
43 81 1
43 82 1
43 83 1
43 84 1
43 85 1
43 86 1
43 88 1
43 92 1
43 96 1
43 97 1
43 98 1
43 100 1
43 101 1
43 102 1
43 103 1
43 104 1
43 105 1
43 106 1
43 107 1
43 108 1
43 109 1
43 110 1
43 116 1
43 117 1
43 122 1
43 126 1
44 50 1
44 55 1
44 57 1
44 60 1
44 61 1
44 62 1
44 63 1
44 81 1
44 82 1
44 84 1
44 85 1
44 86 1
44 90 1
44 91 1
44 92 1
44 95 1
44 96 1
44 97 1
44 104 1
44 105 1
44 106 1
44 116 1
44 117 1
44 122 1
44 126 1
45 52 1
45 55 1
45 57 1
45 72 1
45 73 1
45 74 1
45 75 1
45 80 1
45 81 1
45 82 1
45 83 1
45 84 1
45 85 1
45 86 1
45 92 1
45 94 1
45 95 1
45 96 1
45 97 1
45 104 1
45 105 1
45 117 1
45 122 1
46 57 1
46 69 1
46 70 1
46 79 1
46 80 1
46 81 1
46 82 1
46 83 1
46 84 1
46 85 1
46 86 1
46 87 1
46 88 1
46 89 1
46 117 1
46 122 1
46 126 1
47 50 1
47 54 1
47 57 1
47 67 1
47 68 1
47 69 1
47 71 1
47 72 1
47 76 1
47 77 1
47 78 1
47 79 1
47 106 1
47 108 1
47 109 1
47 116 1
47 117 1
47 122 1
47 126 1
48 53 1
48 54 1
48 57 1
48 90 1
48 91 1
48 92 1
48 96 1
48 97 1
48 99 1
49 50 1
49 57 1
49 65 1
49 66 1
49 67 1
49 79 1
49 80 1
49 81 1
49 82 1
49 83 1
49 110 1
49 117 1
49 122 1
49 126 1
49 128 1
50 52 1
50 53 1
50 54 1
50 55 1
50 57 1
50 90 1
50 91 1
50 92 1
50 95 1
50 96 1
50 97 1
50 98 1
50 99 1
50 103 1
50 104 1
50 105 1
50 117 1
50 122 1
50 126 1
51 55 1
51 57 1
51 60 1
51 61 1
51 62 1
51 63 1
51 64 1
51 67 1
51 75 1
51 76 1
51 77 1
51 78 1
51 79 1
51 80 1
51 81 1
51 82 1
51 83 1
51 84 1
51 85 1
51 86 1
51 88 1
51 94 1
51 103 1
51 104 1
51 105 1
51 106 1
51 107 1
51 108 1
51 109 1
51 110 1
51 116 1
51 117 1
51 122 1
51 126 1
51 128 1
52 54 1
52 57 1
52 68 1
52 69 1
52 70 1
52 71 1
52 72 1
52 73 1
52 74 1
52 75 1
52 76 1
52 77 1
52 78 1
52 87 1
52 88 1
52 89 1
52 93 1
52 106 1
52 107 1
52 108 1
52 109 1
52 110 1
52 116 1
52 117 1
52 122 1
52 126 1
53 54 1
53 57 1
53 71 1
53 72 1
53 73 1
53 74 1
53 75 1
53 76 1
53 77 1
53 78 1
53 79 1
53 80 1
53 81 1
53 82 1
53 84 1
53 85 1
53 87 1
53 88 1
53 89 1
53 106 1
53 107 1
53 108 1
53 109 1
53 110 1
53 116 1
53 117 1
53 122 1
53 126 1
54 57 1
54 60 1
54 61 1
54 62 1
54 63 1
54 84 1
54 85 1
54 90 1
54 91 1
54 92 1
54 96 1
54 97 1
54 99 1
54 126 1
55 57 1
55 67 1
55 68 1
55 71 1
55 72 1
55 73 1
55 74 1
55 75 1
55 76 1
55 77 1
55 78 1
55 79 1
55 80 1
55 81 1
55 82 1
55 83 1
55 84 1
55 85 1
55 88 1
55 93 1
55 94 1
55 96 1
55 103 1
55 106 1
55 107 1
55 108 1
55 109 1
55 110 1
55 111 1
55 112 1
55 113 1
55 116 1
55 117 1
55 118 1
55 119 1
55 120 1
55 121 1
55 122 1
55 126 1
55 128 1
56 57 1
56 58 1
56 59 1
56 60 1
56 61 1
56 62 1
56 63 1
56 64 1
56 68 1
56 72 1
57 58 1
57 59 1
57 60 1
57 61 1
57 62 1
57 63 1
57 64 1
57 65 1
57 66 1
57 67 1
57 68 1
57 69 1
57 70 1
57 71 1
57 72 1
57 73 1
57 74 1
57 75 1
57 76 1
57 77 1
57 78 1
57 79 1
57 80 1
57 81 1
57 82 1
57 83 1
57 84 1
57 85 1
57 86 1
57 87 1
57 88 1
57 89 1
57 90 1
57 91 1
57 92 1
57 93 1
57 94 1
57 95 1
57 96 1
57 97 1
57 98 1
57 99 1
57 100 1
57 101 1
57 102 1
57 103 1
57 104 1
57 105 1
57 106 1
57 107 1
57 108 1
57 109 1
57 110 1
57 111 1
57 112 1
57 113 1
57 114 1
57 115 1
57 116 1
57 117 1
57 118 1
57 119 1
57 120 1
57 121 1
57 122 1
57 123 1
57 124 1
57 125 1
57 126 1
57 127 1
57 128 1
58 59 1
58 60 1
58 61 1
58 62 1
58 63 1
58 64 1
58 68 1
58 72 1
58 78 1
59 60 1
59 61 1
59 62 1
59 64 1
59 68 1
59 72 1
59 78 1
60 69 1
60 70 1
60 71 1
60 90 1
60 91 1
60 92 1
60 95 1
60 96 1
60 97 1
60 99 1
60 100 1
60 101 1
60 102 1
60 104 1
60 105 1
61 69 1
61 70 1
61 71 1
61 90 1
61 91 1
61 92 1
61 95 1
61 96 1
61 97 1
61 99 1
61 100 1
61 101 1
61 102 1
61 104 1
61 105 1
62 69 1
62 70 1
62 71 1
62 90 1
62 91 1
62 92 1
62 95 1
62 96 1
62 97 1
62 99 1
62 100 1
62 101 1
62 102 1
62 104 1
62 105 1
63 69 1
63 70 1
63 71 1
63 90 1
63 91 1
63 92 1
63 95 1
63 96 1
63 97 1
63 99 1
63 100 1
63 101 1
63 102 1
63 104 1
63 105 1
64 69 1
64 70 1
64 71 1
64 78 1
64 90 1
64 91 1
64 92 1
64 95 1
64 96 1
64 97 1
64 99 1
64 100 1
64 101 1
64 102 1
65 66 1
65 67 1
65 73 1
65 76 1
65 77 1
65 78 1
65 79 1
65 80 1
65 81 1
65 128 1
66 67 1
66 73 1
66 76 1
66 77 1
66 78 1
66 79 1
66 80 1
66 81 1
66 128 1
67 71 1
67 73 1
67 77 1
67 79 1
67 85 1
67 87 1
67 91 1
67 128 1
68 71 1
68 90 1
68 123 1
68 125 1
68 127 1
69 128 1
70 71 1
70 80 1
70 81 1
70 82 1
70 83 1
70 84 1
70 85 1
70 86 1
70 95 1
70 96 1
70 103 1
70 104 1
70 105 1
70 123 1
70 125 1
70 128 1
71 72 1
71 73 1
71 77 1
71 80 1
71 81 1
71 82 1
71 83 1
71 107 1
71 123 1
71 125 1
71 127 1
71 128 1
72 75 1
72 77 1
72 85 1
72 88 1
72 89 1
72 90 1
72 91 1
72 95 1
72 96 1
72 97 1
72 107 1
72 110 1
72 111 1
72 112 1
72 113 1
72 114 1
72 115 1
72 116 1
72 118 1
72 119 1
72 120 1
72 123 1
72 125 1
72 126 1
72 127 1
72 128 1
73 75 1
73 85 1
73 90 1
73 91 1
73 95 1
73 96 1
73 97 1
73 101 1
73 110 1
73 111 1
73 112 1
73 113 1
73 114 1
73 115 1
73 116 1
73 118 1
73 119 1
73 120 1
73 123 1
73 125 1
73 127 1
73 128 1
74 90 1
74 91 1
74 96 1
74 112 1
74 114 1
74 115 1
74 118 1
74 119 1
74 120 1
74 123 1
74 128 1
75 90 1
75 91 1
75 99 1
75 114 1
75 115 1
75 118 1
75 119 1
75 120 1
75 123 1
75 128 1
76 77 1
76 85 1
76 88 1
76 93 1
76 96 1
76 104 1
76 105 1
76 110 1
76 111 1
76 112 1
76 113 1
76 114 1
76 115 1
76 116 1
76 118 1
76 119 1
76 120 1
76 123 1
76 125 1
76 127 1
76 128 1
77 78 1
77 79 1
77 80 1
77 81 1
77 82 1
77 83 1
77 85 1
77 88 1
77 93 1
77 96 1
77 104 1
77 105 1
77 107 1
77 110 1
77 111 1
77 112 1
77 113 1
77 114 1
77 115 1
77 116 1
77 118 1
77 119 1
77 120 1
77 123 1
77 125 1
77 127 1
77 128 1
78 88 1
78 93 1
78 96 1
78 97 1
78 104 1
78 105 1
78 107 1
78 110 1
78 111 1
78 112 1
78 113 1
78 114 1
78 115 1
78 116 1
78 118 1
78 119 1
78 120 1
78 123 1
78 125 1
78 127 1
78 128 1
79 90 1
79 91 1
79 95 1
79 96 1
79 97 1
79 110 1
79 111 1
79 112 1
79 113 1
79 118 1
79 119 1
79 120 1
79 127 1
79 128 1
80 88 1
80 90 1
80 91 1
80 95 1
80 96 1
80 97 1
80 100 1
80 101 1
80 102 1
80 103 1
80 104 1
80 105 1
80 128 1
81 85 1
81 88 1
81 90 1
81 91 1
81 92 1
81 93 1
81 95 1
81 96 1
81 97 1
81 99 1
81 100 1
81 101 1
81 102 1
81 103 1
81 104 1
81 105 1
81 127 1
81 128 1
82 85 1
82 88 1
82 90 1
82 91 1
82 92 1
82 93 1
82 95 1
82 96 1
82 97 1
82 99 1
82 100 1
82 101 1
82 102 1
82 103 1
82 104 1
82 105 1
82 127 1
82 128 1
83 90 1
83 91 1
83 92 1
83 95 1
83 97 1
83 99 1
83 100 1
83 101 1
83 102 1
83 103 1
83 127 1
83 128 1
84 85 1
84 89 1
84 90 1
84 91 1
84 92 1
84 93 1
84 94 1
84 95 1
84 96 1
84 97 1
84 99 1
84 100 1
84 101 1
84 102 1
84 103 1
84 106 1
84 107 1
84 108 1
84 109 1
84 110 1
84 111 1
84 112 1
84 113 1
84 114 1
84 115 1
84 116 1
84 118 1
84 119 1
84 120 1
84 121 1
84 122 1
84 123 1
84 125 1
84 126 1
84 127 1
85 88 1
85 89 1
85 90 1
85 91 1
85 92 1
85 93 1
85 94 1
85 95 1
85 96 1
85 97 1
85 99 1
85 100 1
85 101 1
85 102 1
85 103 1
85 106 1
85 107 1
85 108 1
85 109 1
85 110 1
85 111 1
85 112 1
85 113 1
85 114 1
85 115 1
85 116 1
85 118 1
85 119 1
85 120 1
85 121 1
85 122 1
85 123 1
85 125 1
85 126 1
85 127 1
85 128 1
86 90 1
86 91 1
86 92 1
86 94 1
86 95 1
86 96 1
86 97 1
86 99 1
86 100 1
86 101 1
86 102 1
86 103 1
87 89 1
87 93 1
87 94 1
87 96 1
87 97 1
87 103 1
87 112 1
87 114 1
87 115 1
87 118 1
87 119 1
87 120 1
87 122 1
87 123 1
87 125 1
87 128 1
88 89 1
88 93 1
88 94 1
88 96 1
88 97 1
88 103 1
88 106 1
88 107 1
88 110 1
88 111 1
88 112 1
88 113 1
88 114 1
88 115 1
88 116 1
88 118 1
88 119 1
88 120 1
88 121 1
88 122 1
88 123 1
88 125 1
88 127 1
88 128 1
89 93 1
89 94 1
89 119 1
89 128 1
90 106 1
90 107 1
90 108 1
90 109 1
90 110 1
90 111 1
90 112 1
90 113 1
90 116 1
90 118 1
90 119 1
90 120 1
90 121 1
90 126 1
92 93 1
92 106 1
92 107 1
92 108 1
92 109 1
92 110 1
92 111 1
92 112 1
92 113 1
92 116 1
92 118 1
92 119 1
92 120 1
92 121 1
92 126 1
93 94 1
93 96 1
93 97 1
93 104 1
93 105 1
93 106 1
93 108 1
93 109 1
93 110 1
93 116 1
93 117 1
93 122 1
93 126 1
93 128 1
94 96 1
94 103 1
94 104 1
94 105 1
94 110 1
94 117 1
94 122 1
94 128 1
95 107 1
95 108 1
95 109 1
95 110 1
95 111 1
95 112 1
95 113 1
95 121 1
96 106 1
96 107 1
96 108 1
96 109 1
96 110 1
96 111 1
96 112 1
96 113 1
96 114 1
96 115 1
96 116 1
96 118 1
96 119 1
96 120 1
96 121 1
96 123 1
96 126 1
97 106 1
97 107 1
97 108 1
97 109 1
97 110 1
97 111 1
97 112 1
97 113 1
97 114 1
97 115 1
97 116 1
97 118 1
97 119 1
97 120 1
97 121 1
97 123 1
97 126 1
98 107 1
98 109 1
98 110 1
98 111 1
98 112 1
98 113 1
98 121 1
99 106 1
99 107 1
99 108 1
99 109 1
99 110 1
99 111 1
99 112 1
99 113 1
99 116 1
99 118 1
99 119 1
99 120 1
99 121 1
99 126 1
100 106 1
100 107 1
100 108 1
100 109 1
100 110 1
100 111 1
100 112 1
100 113 1
100 116 1
100 118 1
100 119 1
100 120 1
100 121 1
100 126 1
101 106 1
101 107 1
101 108 1
101 109 1
101 110 1
101 111 1
101 112 1
101 113 1
101 115 1
101 116 1
101 118 1
101 119 1
101 120 1
101 121 1
101 126 1
102 106 1
102 107 1
102 108 1
102 110 1
102 111 1
102 112 1
102 113 1
102 116 1
102 118 1
102 119 1
102 120 1
102 121 1
103 106 1
103 107 1
103 108 1
103 109 1
103 110 1
103 111 1
103 112 1
103 113 1
103 116 1
103 118 1
103 119 1
103 120 1
103 121 1
103 126 1
104 106 1
104 107 1
104 108 1
104 109 1
104 110 1
104 111 1
104 112 1
104 113 1
104 114 1
104 115 1
104 116 1
104 118 1
104 119 1
104 120 1
104 121 1
104 123 1
104 126 1
104 128 1
105 106 1
105 107 1
105 108 1
105 109 1
105 110 1
105 111 1
105 112 1
105 113 1
105 116 1
105 118 1
105 119 1
105 120 1
105 121 1
105 126 1
105 128 1
108 117 1
109 117 1
110 117 1
110 122 1
111 117 1
111 122 1
112 117 1
113 117 1
114 117 1
115 117 1
117 118 1
117 119 1
117 120 1
122 123 1
122 124 1
