1 2 1
1 3 1
1 4 1
1 5 1
1 6 1
1 7 1
1 8 1
1 9 1
1 10 1
1 11 1
1 12 1
1 13 1
1 14 1
1 15 1
1 16 1
1 17 1
1 18 1
1 19 1
1 20 1
1 21 1
1 22 1
1 23 1
1 24 1
1 25 1
1 26 1
1 27 1
1 28 1
1 29 1
1 30 1
1 31 1
1 32 1
1 33 1
1 34 1
1 35 1
1 36 1
1 37 1
1 38 1
1 39 1
1 40 1
1 41 1
1 42 1
1 43 1
1 44 1
1 45 1
1 46 1
1 47 1
1 48 1
1 49 1
1 50 1
1 51 1
1 52 1
1 53 1
1 54 1
1 55 1
1 56 1
1 57 1
1 58 1
1 59 1
1 60 1
1 61 1
1 62 1
1 63 1
1 64 1
2 66 1
2 68 1
2 69 1
2 70 1
2 77 1
3 66 1
3 148 1
4 65 1
4 68 1
4 69 1
4 70 1
4 74 1
4 75 1
4 148 1
4 157 1
5 144 1
5 149 1
5 179 1
6 144 1
6 149 1
6 179 1
7 144 1
7 149 1
7 179 1
8 144 1
8 149 1
8 179 1
9 144 1
9 149 1
9 179 1
10 144 1
10 149 1
10 179 1
11 144 1
11 149 1
11 179 1
12 144 1
12 149 1
12 179 1
13 144 1
13 149 1
13 179 1
14 144 1
14 149 1
14 179 1
15 144 1
15 149 1
15 179 1
16 144 1
16 149 1
16 179 1
17 144 1
17 149 1
17 179 1
18 144 1
18 149 1
18 179 1
19 144 1
19 149 1
19 179 1
20 144 1
20 149 1
20 179 1
21 144 1
21 149 1
21 179 1
22 144 1
22 149 1
22 179 1
23 144 1
23 149 1
23 179 1
24 144 1
24 149 1
24 179 1
25 144 1
25 149 1
25 179 1
26 144 1
26 149 1
26 179 1
27 144 1
27 149 1
27 179 1
28 144 1
28 149 1
28 179 1
29 144 1
29 149 1
29 179 1
30 78 1
30 79 1
30 80 1
30 83 1
30 84 1
30 86 1
30 89 1
30 90 1
30 91 1
30 92 1
30 93 1
30 94 1
30 95 1
30 96 1
30 97 1
30 98 1
30 99 1
30 100 1
30 101 1
30 102 1
30 103 1
30 104 1
30 105 1
30 106 1
30 107 1
30 108 1
31 78 1
31 79 1
31 80 1
32 78 1
32 79 1
32 80 1
32 83 1
32 84 1
32 86 1
32 89 1
32 90 1
32 91 1
32 92 1
32 93 1
32 94 1
32 95 1
32 96 1
32 97 1
32 98 1
32 99 1
32 100 1
32 101 1
32 102 1
32 103 1
32 104 1
32 105 1
32 106 1
32 107 1
32 108 1
33 78 1
33 79 1
33 80 1
34 78 1
34 79 1
34 80 1
34 83 1
34 84 1
34 86 1
34 89 1
34 90 1
34 91 1
34 92 1
34 93 1
34 94 1
34 95 1
34 96 1
34 97 1
34 98 1
34 99 1
34 100 1
34 101 1
34 102 1
34 103 1
34 104 1
34 105 1
34 106 1
34 107 1
34 108 1
35 78 1
35 79 1
35 80 1
36 78 1
36 79 1
36 80 1
36 83 1
36 84 1
36 86 1
36 89 1
36 90 1
36 91 1
36 92 1
36 93 1
36 94 1
36 95 1
36 96 1
36 97 1
36 98 1
36 99 1
36 100 1
36 101 1
36 102 1
36 103 1
36 104 1
36 105 1
36 106 1
36 107 1
36 108 1
37 78 1
37 79 1
37 80 1
37 83 1
37 84 1
37 86 1
37 89 1
37 90 1
37 91 1
37 92 1
37 93 1
37 94 1
37 95 1
37 96 1
37 97 1
37 98 1
37 99 1
37 100 1
37 101 1
37 102 1
37 103 1
37 104 1
37 105 1
37 106 1
37 107 1
37 108 1
38 86 1
39 78 1
39 79 1
39 80 1
39 90 1
39 91 1
39 92 1
39 93 1
40 78 1
40 79 1
40 80 1
40 90 1
40 91 1
40 92 1
40 93 1
41 78 1
41 79 1
41 80 1
41 83 1
41 84 1
41 86 1
41 89 1
41 90 1
41 91 1
41 92 1
41 93 1
41 94 1
41 95 1
41 96 1
41 97 1
41 98 1
41 99 1
41 100 1
41 101 1
41 102 1
41 103 1
41 104 1
41 105 1
41 106 1
41 107 1
41 108 1
42 78 1
42 79 1
42 80 1
42 83 1
42 84 1
42 86 1
42 89 1
42 90 1
42 91 1
42 92 1
42 93 1
42 94 1
42 95 1
42 96 1
42 97 1
42 98 1
42 99 1
42 100 1
42 101 1
42 102 1
42 103 1
42 104 1
42 105 1
42 106 1
42 107 1
42 108 1
43 78 1
43 79 1
43 80 1
43 83 1
43 84 1
43 86 1
43 89 1
43 90 1
43 91 1
43 92 1
43 93 1
43 94 1
43 95 1
43 96 1
43 97 1
43 98 1
43 99 1
43 100 1
43 101 1
43 102 1
43 103 1
43 104 1
43 105 1
43 106 1
43 107 1
43 108 1
44 78 1
44 79 1
44 80 1
44 90 1
44 91 1
44 92 1
44 93 1
45 78 1
45 79 1
45 80 1
45 90 1
45 91 1
45 92 1
45 93 1
46 78 1
46 79 1
46 80 1
46 83 1
46 84 1
46 86 1
46 89 1
46 90 1
46 91 1
46 92 1
46 93 1
46 94 1
46 95 1
46 96 1
46 97 1
46 98 1
46 99 1
46 100 1
46 101 1
46 102 1
46 103 1
46 104 1
46 105 1
46 106 1
46 107 1
46 108 1
47 78 1
47 79 1
47 80 1
47 90 1
47 91 1
47 92 1
47 93 1
48 78 1
48 79 1
48 80 1
48 90 1
48 91 1
48 92 1
48 93 1
49 78 1
49 79 1
49 80 1
49 83 1
49 84 1
49 86 1
49 89 1
49 90 1
49 91 1
49 92 1
49 93 1
49 94 1
49 95 1
49 96 1
49 97 1
49 98 1
49 99 1
49 100 1
49 101 1
49 102 1
49 103 1
49 104 1
49 105 1
49 106 1
49 107 1
49 108 1
50 78 1
50 79 1
50 80 1
50 83 1
50 84 1
50 86 1
50 89 1
50 90 1
50 91 1
50 92 1
50 93 1
50 94 1
50 95 1
50 96 1
50 97 1
50 98 1
50 99 1
50 100 1
50 101 1
50 102 1
50 103 1
50 104 1
50 105 1
50 106 1
50 107 1
50 108 1
51 78 1
51 79 1
51 80 1
51 90 1
51 91 1
51 92 1
51 93 1
52 78 1
52 79 1
52 80 1
52 83 1
52 84 1
52 86 1
52 89 1
52 90 1
52 91 1
52 92 1
52 93 1
52 94 1
52 95 1
52 96 1
52 97 1
52 98 1
52 99 1
52 100 1
52 101 1
52 102 1
52 103 1
52 104 1
52 105 1
52 106 1
52 107 1
52 108 1
53 78 1
53 79 1
53 80 1
53 83 1
53 84 1
53 86 1
53 89 1
53 90 1
53 91 1
53 92 1
53 93 1
53 94 1
53 95 1
53 96 1
53 97 1
53 98 1
53 99 1
53 100 1
53 101 1
53 102 1
53 103 1
53 104 1
53 105 1
53 106 1
53 107 1
53 108 1
54 78 1
54 79 1
54 80 1
54 90 1
54 91 1
54 92 1
54 93 1
55 78 1
55 79 1
55 80 1
55 90 1
55 91 1
55 92 1
55 93 1
56 78 1
56 79 1
56 80 1
56 83 1
56 84 1
56 86 1
56 89 1
56 90 1
56 91 1
56 92 1
56 93 1
56 94 1
56 95 1
56 96 1
56 97 1
56 98 1
56 99 1
56 100 1
56 101 1
56 102 1
56 103 1
56 104 1
56 105 1
56 106 1
56 107 1
56 108 1
57 78 1
57 79 1
57 80 1
57 83 1
57 84 1
57 86 1
57 89 1
57 90 1
57 91 1
57 92 1
57 93 1
57 94 1
57 95 1
57 96 1
57 97 1
57 98 1
57 99 1
57 100 1
57 101 1
57 102 1
57 103 1
57 104 1
57 105 1
57 106 1
57 107 1
57 108 1
58 78 1
58 79 1
58 80 1
58 86 1
58 89 1
58 90 1
58 91 1
58 92 1
58 93 1
59 78 1
59 79 1
59 80 1
60 78 1
60 79 1
60 80 1
60 86 1
60 89 1
60 90 1
60 91 1
60 92 1
60 93 1
61 78 1
61 79 1
61 80 1
61 109 1
61 132 1
61 133 1
61 134 1
61 135 1
61 136 1
61 137 1
61 140 1
61 142 1
61 143 1
61 144 1
62 78 1
62 79 1
62 80 1
63 78 1
63 79 1
63 80 1
63 90 1
63 91 1
63 92 1
63 93 1
63 109 1
63 132 1
63 133 1
63 134 1
63 135 1
63 136 1
63 137 1
63 140 1
63 142 1
63 143 1
63 144 1
64 109 1
64 130 1
64 131 1
64 132 1
64 133 1
64 134 1
64 135 1
64 136 1
64 137 1
64 140 1
64 141 1
64 142 1
64 143 1
64 144 1
64 145 1
64 147 1
64 149 1
64 150 1
64 151 1
64 154 1
64 158 1
64 159 1
64 160 1
64 161 1
64 162 1
64 163 1
64 164 1
64 165 1
64 166 1
64 167 1
64 168 1
64 169 1
64 170 1
64 171 1
64 172 1
64 173 1
64 174 1
64 176 1
64 177 1
64 178 1
64 180 1
64 181 1
64 182 1
64 183 1
65 66 1
65 67 1
65 68 1
65 69 1
65 70 1
65 71 1
65 72 1
65 78 1
65 79 1
65 80 1
65 81 1
65 82 1
65 83 1
65 84 1
65 85 1
65 86 1
65 88 1
65 89 1
65 90 1
65 91 1
65 92 1
65 93 1
65 94 1
65 95 1
65 96 1
65 97 1
65 98 1
65 99 1
65 100 1
65 101 1
65 102 1
65 103 1
65 104 1
65 105 1
65 106 1
65 107 1
65 108 1
65 109 1
65 110 1
65 111 1
65 112 1
65 113 1
65 114 1
65 115 1
65 121 1
65 122 1
65 123 1
65 124 1
65 125 1
65 126 1
65 127 1
65 128 1
65 129 1
65 130 1
65 131 1
65 132 1
65 133 1
65 134 1
65 135 1
65 136 1
65 137 1
65 138 1
65 139 1
65 140 1
65 141 1
65 142 1
65 143 1
65 144 1
65 145 1
65 147 1
65 148 1
65 149 1
65 150 1
65 153 1
65 154 1
65 155 1
65 156 1
65 158 1
65 159 1
65 160 1
65 161 1
65 162 1
65 163 1
65 164 1
65 165 1
65 167 1
65 168 1
65 169 1
65 170 1
65 171 1
65 172 1
65 173 1
65 174 1
65 175 1
65 176 1
65 177 1
65 178 1
65 179 1
66 67 1
66 70 1
66 72 1
66 73 1
66 74 1
66 75 1
66 76 1
66 77 1
66 79 1
66 80 1
66 81 1
66 85 1
66 86 1
66 90 1
66 91 1
66 92 1
66 93 1
66 116 1
66 117 1
66 118 1
66 119 1
66 120 1
66 121 1
66 122 1
66 123 1
66 124 1
66 125 1
66 126 1
66 127 1
66 128 1
66 129 1
66 130 1
66 131 1
66 138 1
66 139 1
66 141 1
66 142 1
66 146 1
66 149 1
66 150 1
66 151 1
66 152 1
66 154 1
66 156 1
66 157 1
66 158 1
66 159 1
66 160 1
66 161 1
66 162 1
66 163 1
66 164 1
66 166 1
66 167 1
66 168 1
66 169 1
66 170 1
66 171 1
66 172 1
66 173 1
66 174 1
66 175 1
66 176 1
66 177 1
66 179 1
67 68 1
67 69 1
67 70 1
67 73 1
67 74 1
67 75 1
67 76 1
67 77 1
67 85 1
67 87 1
67 114 1
67 115 1
67 116 1
67 117 1
67 118 1
67 119 1
67 120 1
67 121 1
67 152 1
67 153 1
67 154 1
67 156 1
67 158 1
68 70 1
68 73 1
68 74 1
68 75 1
68 76 1
68 77 1
68 78 1
68 80 1
68 82 1
68 85 1
68 87 1
68 88 1
68 90 1
68 91 1
68 92 1
68 93 1
68 114 1
68 116 1
68 117 1
68 118 1
68 119 1
68 120 1
68 121 1
68 122 1
68 123 1
68 124 1
68 125 1
68 126 1
68 127 1
68 128 1
68 129 1
68 130 1
68 131 1
68 138 1
68 139 1
68 142 1
68 148 1
68 150 1
68 151 1
68 152 1
68 153 1
68 154 1
68 155 1
68 156 1
68 157 1
68 158 1
68 159 1
68 160 1
68 161 1
68 162 1
68 163 1
68 164 1
68 166 1
68 167 1
68 168 1
68 169 1
68 170 1
68 171 1
68 172 1
68 173 1
68 174 1
68 175 1
68 176 1
68 177 1
68 179 1
69 70 1
69 71 1
69 72 1
69 73 1
69 74 1
69 75 1
69 76 1
69 77 1
69 78 1
69 79 1
69 80 1
69 81 1
69 82 1
69 83 1
69 84 1
69 85 1
69 86 1
69 88 1
69 89 1
69 90 1
69 91 1
69 92 1
69 93 1
69 94 1
69 95 1
69 96 1
69 97 1
69 98 1
69 99 1
69 100 1
69 101 1
69 102 1
69 103 1
69 104 1
69 105 1
69 106 1
69 107 1
69 108 1
69 109 1
69 110 1
69 112 1
69 114 1
69 115 1
69 121 1
69 122 1
69 123 1
69 124 1
69 125 1
69 126 1
69 127 1
69 128 1
69 132 1
69 138 1
69 139 1
69 141 1
69 142 1
69 143 1
69 144 1
69 148 1
69 149 1
69 150 1
69 154 1
69 156 1
69 158 1
69 159 1
69 160 1
69 161 1
69 162 1
69 163 1
69 164 1
69 176 1
69 177 1
69 179 1
70 73 1
70 74 1
70 75 1
70 76 1
70 77 1
70 80 1
70 81 1
70 82 1
70 83 1
70 84 1
70 85 1
70 88 1
70 90 1
70 91 1
70 92 1
70 93 1
70 94 1
70 95 1
70 96 1
70 97 1
70 98 1
70 99 1
70 100 1
70 101 1
70 102 1
70 103 1
70 104 1
70 105 1
70 106 1
70 107 1
70 108 1
70 109 1
70 110 1
70 111 1
70 112 1
70 113 1
70 114 1
70 115 1
70 116 1
70 120 1
70 121 1
70 122 1
70 123 1
70 124 1
70 125 1
70 126 1
70 127 1
70 128 1
70 129 1
70 130 1
70 131 1
70 132 1
70 133 1
70 134 1
70 135 1
70 136 1
70 137 1
70 138 1
70 139 1
70 140 1
70 141 1
70 142 1
70 143 1
70 144 1
70 145 1
70 146 1
70 147 1
70 148 1
70 149 1
70 150 1
70 151 1
70 152 1
70 153 1
70 154 1
70 155 1
70 156 1
70 158 1
70 159 1
70 160 1
70 161 1
70 162 1
70 163 1
70 164 1
70 165 1
70 166 1
70 167 1
70 168 1
70 169 1
70 170 1
70 171 1
70 172 1
70 173 1
70 174 1
70 175 1
70 176 1
70 177 1
70 178 1
70 179 1
71 72 1
71 74 1
71 75 1
71 76 1
71 77 1
71 78 1
71 79 1
71 80 1
71 81 1
71 82 1
71 83 1
71 84 1
71 85 1
71 86 1
71 89 1
71 90 1
71 91 1
71 92 1
71 102 1
71 103 1
71 104 1
71 105 1
71 106 1
71 107 1
71 108 1
71 109 1
71 110 1
71 111 1
71 112 1
71 113 1
71 132 1
71 133 1
71 134 1
71 135 1
71 136 1
71 137 1
71 140 1
71 141 1
71 142 1
71 143 1
71 144 1
72 74 1
72 75 1
72 76 1
72 77 1
72 78 1
72 79 1
72 80 1
72 81 1
72 82 1
72 83 1
72 84 1
72 85 1
72 86 1
72 89 1
72 90 1
72 91 1
72 92 1
72 102 1
72 103 1
72 104 1
72 105 1
72 106 1
72 107 1
72 108 1
72 109 1
72 110 1
72 111 1
72 112 1
72 113 1
72 132 1
72 133 1
72 134 1
72 135 1
72 136 1
72 137 1
72 140 1
72 141 1
72 142 1
72 143 1
72 144 1
73 74 1
73 75 1
73 76 1
73 176 1
73 178 1
74 78 1
74 79 1
74 80 1
74 81 1
74 82 1
74 83 1
74 84 1
74 85 1
74 86 1
74 87 1
74 88 1
74 89 1
74 90 1
74 91 1
74 92 1
74 93 1
74 94 1
74 95 1
74 96 1
74 97 1
74 98 1
74 99 1
74 100 1
74 101 1
74 102 1
74 103 1
74 104 1
74 105 1
74 106 1
74 107 1
74 108 1
74 114 1
74 115 1
74 116 1
74 120 1
74 121 1
74 122 1
74 123 1
74 124 1
74 125 1
74 126 1
74 127 1
74 128 1
74 129 1
74 130 1
74 131 1
74 137 1
74 138 1
74 139 1
74 140 1
74 146 1
74 148 1
74 149 1
74 150 1
74 151 1
74 152 1
74 153 1
74 154 1
74 156 1
74 158 1
74 159 1
74 160 1
74 161 1
74 162 1
74 163 1
74 164 1
74 166 1
74 167 1
74 168 1
74 169 1
74 170 1
74 171 1
74 172 1
74 173 1
74 174 1
74 175 1
74 176 1
74 177 1
74 178 1
74 179 1
75 78 1
75 79 1
75 80 1
75 81 1
75 82 1
75 83 1
75 84 1
75 85 1
75 86 1
75 88 1
75 89 1
75 90 1
75 91 1
75 92 1
75 93 1
75 94 1
75 95 1
75 96 1
75 97 1
75 98 1
75 99 1
75 100 1
75 101 1
75 102 1
75 103 1
75 104 1
75 105 1
75 106 1
75 107 1
75 108 1
75 114 1
75 115 1
75 120 1
75 121 1
75 122 1
75 123 1
75 124 1
75 125 1
75 126 1
75 127 1
75 128 1
75 129 1
75 130 1
75 131 1
75 138 1
75 139 1
75 148 1
75 149 1
75 150 1
75 153 1
75 154 1
75 156 1
75 158 1
75 159 1
75 160 1
75 161 1
75 162 1
75 163 1
75 164 1
75 166 1
75 167 1
75 168 1
75 169 1
75 170 1
75 171 1
75 172 1
75 173 1
75 174 1
75 175 1
75 176 1
75 177 1
75 178 1
75 179 1
76 78 1
76 79 1
76 80 1
76 81 1
76 82 1
76 83 1
76 84 1
76 86 1
76 89 1
76 90 1
76 91 1
76 92 1
76 93 1
76 94 1
76 95 1
76 96 1
76 97 1
76 98 1
76 99 1
76 100 1
76 101 1
76 102 1
76 103 1
76 104 1
76 105 1
76 106 1
76 107 1
76 108 1
76 109 1
76 110 1
76 111 1
76 112 1
76 113 1
76 120 1
76 123 1
76 124 1
76 125 1
76 126 1
76 127 1
76 128 1
76 129 1
76 130 1
76 131 1
76 132 1
76 133 1
76 134 1
76 135 1
76 136 1
76 137 1
76 140 1
76 141 1
76 142 1
76 143 1
76 144 1
76 145 1
76 147 1
76 153 1
76 154 1
76 155 1
76 159 1
76 160 1
76 161 1
76 162 1
76 163 1
76 164 1
76 165 1
76 166 1
76 167 1
76 168 1
76 169 1
76 170 1
76 171 1
76 172 1
76 173 1
76 174 1
76 175 1
76 178 1
77 78 1
77 79 1
77 80 1
77 81 1
77 82 1
77 83 1
77 84 1
77 86 1
77 89 1
77 90 1
77 91 1
77 92 1
77 93 1
77 94 1
77 95 1
77 96 1
77 97 1
77 98 1
77 99 1
77 100 1
77 101 1
77 102 1
77 103 1
77 104 1
77 105 1
77 106 1
77 107 1
77 108 1
77 109 1
77 110 1
77 111 1
77 112 1
77 113 1
77 132 1
77 133 1
77 134 1
77 135 1
77 136 1
77 137 1
77 140 1
77 141 1
77 142 1
77 143 1
77 144 1
77 145 1
77 147 1
78 79 1
78 80 1
78 81 1
78 82 1
78 83 1
78 84 1
78 85 1
79 80 1
79 81 1
79 82 1
79 83 1
79 84 1
79 85 1
79 86 1
79 89 1
79 90 1
79 91 1
79 92 1
79 93 1
79 102 1
79 103 1
79 104 1
79 105 1
79 106 1
79 107 1
79 108 1
79 109 1
79 110 1
79 111 1
79 112 1
79 113 1
79 132 1
79 133 1
79 134 1
79 135 1
79 136 1
79 137 1
79 140 1
79 141 1
79 142 1
79 143 1
79 144 1
80 81 1
80 82 1
80 83 1
80 84 1
80 85 1
80 86 1
80 89 1
80 90 1
80 91 1
80 92 1
80 102 1
80 103 1
80 104 1
80 105 1
80 106 1
80 107 1
80 108 1
80 109 1
80 110 1
80 111 1
80 112 1
80 113 1
80 132 1
80 133 1
80 134 1
80 135 1
80 136 1
80 137 1
80 140 1
80 141 1
80 142 1
80 143 1
80 144 1
81 83 1
81 84 1
81 86 1
81 87 1
81 88 1
81 89 1
81 90 1
81 91 1
81 92 1
81 102 1
81 103 1
81 104 1
81 105 1
81 106 1
81 107 1
81 108 1
81 109 1
81 110 1
81 111 1
81 112 1
81 113 1
81 132 1
81 133 1
81 134 1
81 135 1
81 136 1
81 137 1
81 140 1
81 141 1
81 142 1
81 143 1
81 144 1
82 83 1
82 84 1
82 86 1
82 87 1
82 88 1
82 89 1
82 90 1
82 91 1
82 92 1
82 102 1
82 103 1
82 104 1
82 105 1
82 106 1
82 107 1
82 108 1
82 109 1
82 110 1
82 111 1
82 112 1
82 113 1
82 132 1
82 133 1
82 134 1
82 135 1
82 136 1
82 137 1
82 140 1
82 141 1
82 142 1
82 143 1
82 144 1
83 84 1
83 86 1
83 89 1
83 98 1
83 99 1
83 100 1
83 101 1
83 104 1
83 105 1
83 106 1
83 107 1
84 86 1
84 89 1
84 90 1
84 91 1
84 92 1
84 102 1
84 103 1
84 104 1
84 105 1
84 106 1
84 107 1
84 108 1
84 109 1
84 110 1
84 111 1
84 112 1
84 113 1
84 132 1
84 133 1
84 134 1
84 135 1
84 136 1
84 137 1
84 140 1
84 141 1
84 142 1
84 143 1
84 144 1
85 90 1
85 91 1
85 92 1
85 148 1
86 87 1
86 88 1
87 89 1
87 90 1
87 91 1
87 92 1
87 93 1
88 89 1
88 90 1
88 91 1
88 92 1
88 93 1
88 148 1
109 110 1
109 111 1
109 112 1
109 113 1
109 114 1
109 115 1
109 116 1
109 117 1
109 118 1
109 119 1
109 120 1
109 121 1
109 122 1
109 123 1
109 124 1
109 125 1
109 126 1
109 127 1
109 128 1
109 129 1
109 130 1
109 131 1
110 117 1
110 118 1
110 119 1
110 120 1
110 129 1
110 130 1
110 131 1
110 132 1
110 133 1
110 134 1
110 135 1
110 136 1
110 137 1
110 140 1
111 117 1
111 118 1
111 119 1
111 120 1
111 129 1
111 130 1
111 131 1
111 132 1
111 133 1
111 134 1
111 135 1
111 136 1
111 137 1
111 138 1
111 139 1
111 140 1
112 117 1
112 118 1
112 119 1
112 120 1
112 129 1
112 130 1
112 131 1
112 132 1
112 133 1
112 134 1
112 135 1
112 136 1
112 137 1
112 138 1
112 139 1
112 140 1
113 117 1
113 118 1
113 119 1
113 120 1
113 129 1
113 130 1
113 131 1
113 132 1
113 133 1
113 134 1
113 135 1
113 136 1
113 137 1
113 140 1
114 132 1
114 133 1
114 134 1
114 135 1
114 136 1
114 137 1
114 148 1
115 132 1
115 133 1
115 134 1
115 135 1
115 136 1
115 137 1
115 140 1
115 141 1
115 142 1
115 143 1
115 144 1
115 148 1
116 132 1
116 133 1
116 134 1
116 135 1
116 136 1
116 137 1
116 140 1
116 141 1
116 142 1
116 143 1
116 144 1
116 148 1
116 178 1
117 121 1
117 122 1
117 123 1
117 124 1
117 125 1
117 126 1
117 127 1
117 128 1
117 129 1
117 130 1
117 131 1
117 132 1
117 133 1
117 134 1
117 135 1
117 136 1
117 137 1
117 138 1
117 139 1
117 140 1
117 141 1
117 142 1
117 143 1
117 144 1
117 145 1
117 148 1
117 150 1
117 159 1
117 160 1
117 161 1
117 162 1
117 163 1
117 164 1
117 165 1
117 167 1
117 168 1
117 169 1
117 170 1
117 171 1
117 172 1
117 173 1
117 175 1
117 178 1
117 179 1
118 121 1
118 122 1
118 123 1
118 124 1
118 125 1
118 126 1
118 127 1
118 128 1
118 129 1
118 130 1
118 131 1
118 132 1
118 133 1
118 134 1
118 135 1
118 136 1
118 137 1
118 138 1
118 139 1
118 140 1
118 141 1
118 142 1
118 143 1
118 144 1
118 145 1
118 148 1
118 150 1
118 159 1
118 160 1
118 161 1
118 162 1
118 163 1
118 164 1
118 165 1
118 167 1
118 168 1
118 169 1
118 170 1
118 171 1
118 172 1
118 173 1
118 175 1
118 178 1
118 179 1
119 121 1
119 122 1
119 123 1
119 124 1
119 125 1
119 126 1
119 127 1
119 128 1
119 129 1
119 130 1
119 131 1
119 132 1
119 133 1
119 134 1
119 135 1
119 136 1
119 137 1
119 138 1
119 139 1
119 140 1
119 141 1
119 142 1
119 143 1
119 144 1
119 145 1
119 148 1
119 150 1
119 159 1
119 160 1
119 161 1
119 162 1
119 163 1
119 164 1
119 165 1
119 167 1
119 168 1
119 169 1
119 170 1
119 171 1
119 172 1
119 173 1
119 175 1
119 178 1
119 179 1
120 122 1
120 123 1
120 124 1
120 125 1
120 126 1
120 127 1
120 128 1
120 129 1
120 130 1
120 131 1
120 132 1
120 133 1
120 134 1
120 135 1
120 136 1
120 137 1
120 138 1
120 139 1
120 140 1
120 141 1
120 142 1
120 143 1
120 144 1
120 145 1
120 148 1
120 159 1
120 160 1
120 161 1
120 162 1
120 163 1
120 164 1
120 165 1
120 167 1
120 168 1
120 169 1
120 170 1
120 171 1
120 172 1
120 173 1
120 175 1
120 178 1
120 179 1
121 122 1
121 123 1
121 124 1
121 125 1
121 126 1
121 127 1
121 128 1
121 129 1
121 130 1
121 131 1
121 132 1
121 133 1
121 134 1
121 135 1
121 136 1
121 137 1
121 140 1
121 148 1
121 152 1
121 153 1
121 156 1
121 165 1
121 178 1
122 123 1
122 124 1
122 125 1
122 126 1
122 127 1
122 128 1
122 129 1
122 130 1
122 131 1
122 132 1
122 133 1
122 134 1
122 135 1
122 136 1
122 137 1
122 140 1
122 148 1
122 152 1
122 153 1
122 156 1
122 157 1
122 159 1
122 160 1
122 161 1
122 162 1
122 163 1
122 164 1
122 165 1
122 166 1
122 167 1
122 168 1
122 169 1
122 170 1
122 171 1
122 172 1
122 173 1
122 174 1
122 175 1
122 178 1
123 124 1
123 125 1
123 126 1
123 127 1
123 128 1
123 129 1
123 130 1
123 131 1
123 132 1
123 133 1
123 134 1
123 135 1
123 136 1
123 137 1
123 140 1
123 148 1
123 152 1
123 153 1
123 156 1
123 157 1
123 158 1
123 159 1
123 160 1
123 161 1
123 162 1
123 163 1
123 164 1
123 165 1
123 166 1
123 167 1
123 168 1
123 169 1
123 170 1
123 171 1
123 172 1
123 173 1
123 174 1
123 175 1
123 178 1
124 125 1
124 126 1
124 127 1
124 128 1
124 129 1
124 130 1
124 131 1
124 132 1
124 133 1
124 134 1
124 135 1
124 136 1
124 137 1
124 140 1
124 148 1
124 152 1
124 153 1
124 156 1
124 157 1
124 159 1
124 160 1
124 161 1
124 162 1
124 163 1
124 164 1
124 165 1
124 166 1
124 167 1
124 168 1
124 169 1
124 170 1
124 171 1
124 172 1
124 173 1
124 174 1
124 175 1
124 178 1
125 126 1
125 127 1
125 128 1
125 129 1
125 130 1
125 131 1
125 132 1
125 133 1
125 134 1
125 135 1
125 136 1
125 137 1
125 140 1
125 148 1
125 152 1
125 153 1
125 156 1
125 157 1
125 159 1
125 160 1
125 161 1
125 162 1
125 163 1
125 164 1
125 165 1
125 166 1
125 167 1
125 168 1
125 169 1
125 170 1
125 171 1
125 172 1
125 173 1
125 174 1
125 175 1
125 178 1
126 127 1
126 128 1
126 129 1
126 130 1
126 131 1
126 132 1
126 133 1
126 134 1
126 135 1
126 136 1
126 137 1
126 140 1
126 148 1
126 152 1
126 153 1
126 156 1
126 157 1
126 159 1
126 160 1
126 161 1
126 162 1
126 163 1
126 164 1
126 165 1
126 166 1
126 167 1
126 168 1
126 169 1
126 170 1
126 171 1
126 172 1
126 173 1
126 174 1
126 175 1
126 178 1
127 128 1
127 129 1
127 130 1
127 131 1
127 132 1
127 133 1
127 134 1
127 135 1
127 136 1
127 137 1
127 140 1
127 148 1
127 152 1
127 153 1
127 156 1
127 157 1
127 158 1
127 159 1
127 160 1
127 161 1
127 162 1
127 163 1
127 164 1
127 165 1
127 166 1
127 167 1
127 168 1
127 169 1
127 170 1
127 171 1
127 172 1
127 173 1
127 174 1
127 175 1
127 178 1
128 129 1
128 130 1
128 131 1
128 132 1
128 133 1
128 134 1
128 135 1
128 136 1
128 137 1
128 140 1
128 148 1
128 152 1
128 153 1
128 156 1
128 157 1
128 158 1
128 159 1
128 160 1
128 161 1
128 162 1
128 163 1
128 164 1
128 165 1
128 166 1
128 167 1
128 168 1
128 169 1
128 170 1
128 171 1
128 172 1
128 173 1
128 174 1
128 175 1
128 178 1
129 132 1
129 133 1
129 134 1
129 135 1
129 136 1
129 137 1
129 140 1
129 141 1
129 142 1
129 143 1
129 144 1
129 145 1
129 148 1
129 152 1
129 153 1
129 156 1
129 157 1
129 158 1
129 165 1
129 178 1
130 132 1
130 133 1
130 134 1
130 135 1
130 136 1
130 137 1
130 140 1
130 141 1
130 142 1
130 143 1
130 144 1
130 145 1
130 148 1
130 152 1
130 153 1
130 156 1
130 157 1
130 165 1
131 132 1
131 133 1
131 134 1
131 135 1
131 136 1
131 137 1
131 140 1
131 141 1
131 142 1
131 143 1
131 144 1
131 145 1
131 148 1
131 152 1
131 153 1
131 156 1
131 157 1
131 165 1
137 138 1
137 139 1
138 143 1
138 144 1
138 148 1
138 152 1
138 153 1
138 156 1
138 157 1
138 165 1
139 143 1
139 144 1
139 148 1
139 152 1
139 153 1
139 156 1
139 157 1
139 165 1
145 146 1
146 147 1
148 149 1
148 150 1
148 151 1
148 152 1
148 153 1
148 154 1
148 155 1
148 156 1
148 158 1
148 159 1
148 160 1
148 161 1
148 162 1
148 163 1
148 164 1
148 165 1
148 166 1
148 167 1
148 168 1
148 169 1
148 170 1
148 171 1
148 172 1
148 173 1
148 174 1
148 175 1
152 159 1
152 160 1
152 161 1
152 162 1
152 163 1
152 164 1
152 165 1
152 167 1
152 168 1
152 169 1
152 170 1
152 171 1
152 172 1
152 173 1
152 175 1
152 178 1
153 159 1
153 160 1
153 161 1
153 162 1
153 163 1
153 164 1
153 165 1
153 167 1
153 168 1
153 169 1
153 170 1
153 171 1
153 172 1
153 173 1
153 175 1
153 178 1
155 180 1
155 181 1
155 182 1
156 159 1
156 160 1
156 161 1
156 162 1
156 163 1
156 164 1
156 165 1
156 167 1
156 168 1
156 169 1
156 170 1
156 171 1
156 172 1
156 173 1
156 175 1
156 178 1
157 158 1
157 159 1
157 160 1
157 161 1
157 162 1
157 163 1
157 164 1
157 165 1
157 167 1
157 168 1
157 169 1
157 170 1
157 171 1
157 172 1
157 173 1
157 175 1
158 178 1
175 180 1
175 181 1
175 182 1
