1 2 1
1 3 1
1 4 1
1 5 1
1 6 1
1 7 1
1 8 1
1 10 1
1 11 1
1 21 1
1 22 1
1 24 1
1 25 1
1 29 1
1 32 1
1 36 1
1 42 1
1 47 1
1 48 1
1 54 1
1 58 1
1 60 1
1 70 1
1 77 1
1 78 1
1 79 1
1 82 1
1 92 1
1 95 1
1 96 1
1 98 1
1 102 1
1 104 1
1 116 1
1 117 1
1 120 1
1 122 1
1 135 1
1 136 1
1 137 1
1 139 1
1 143 1
1 161 1
1 164 1
1 167 1
1 179 1
1 190 1
1 193 1
1 195 1
1 197 1
1 198 1
1 201 1
1 206 1
1 215 1
1 219 1
1 222 1
1 224 1
1 226 1
1 228 1
1 232 1
1 242 1
1 248 1
1 252 1
1 255 1
1 263 1
1 264 1
1 267 1
1 278 1
1 282 1
1 283 1
1 284 1
1 286 1
1 289 1
1 290 1
1 300 1
1 305 1
1 308 1
1 310 1
1 322 1
1 324 1
1 325 1
1 326 1
1 331 1
1 332 1
1 333 1
1 334 1
1 338 1
1 342 1
1 345 1
1 360 1
1 365 1
1 366 1
1 372 1
1 374 1
1 375 1
1 382 1
1 383 1
1 393 1
1 394 1
1 396 1
1 397 1
1 399 1
1 415 1
1 416 1
1 422 1
1 425 1
1 426 1
1 430 1
1 433 1
1 440 1
1 449 1
1 450 1
1 454 1
1 460 1
1 465 1
1 467 1
1 471 1
1 476 1
1 478 1
1 483 1
1 495 1
1 497 1
1 504 1
1 513 1
1 518 1
1 521 1
1 524 1
1 525 1
1 527 1
1 531 1
1 532 1
1 537 1
1 542 1
1 556 1
1 566 1
1 574 1
1 578 1
1 579 1
1 580 1
1 581 1
1 582 1
1 584 1
1 592 1
1 593 1
1 595 1
1 596 1
1 597 1
1 598 1
1 599 1
1 600 1
1 601 1
1 602 1
1 603 1
1 604 1
1 605 1
1 606 1
1 607 1
1 608 1
1 609 1
1 610 1
1 611 1
1 612 1
1 613 1
1 614 1
1 615 1
1 616 1
1 617 1
1 618 1
1 619 1
1 620 1
1 621 1
1 622 1
1 623 1
1 624 1
1 625 1
1 626 1
1 627 1
1 628 1
1 629 1
1 630 1
1 631 1
1 632 1
1 633 1
1 634 1
1 635 1
1 636 1
1 637 1
1 638 1
1 639 1
1 640 1
1 641 1
1 642 1
1 643 1
1 644 1
1 645 1
1 646 1
1 647 1
1 648 1
1 649 1
1 650 1
1 651 1
1 652 1
1 653 1
1 654 1
1 655 1
1 656 1
1 657 1
1 658 1
1 659 1
1 660 1
1 661 1
1 662 1
1 663 1
1 664 1
1 665 1
1 666 1
1 667 1
1 668 1
1 669 1
1 670 1
1 671 1
1 672 1
1 673 1
1 674 1
1 675 1
1 676 1
1 677 1
1 678 1
1 679 1
1 680 1
1 681 1
1 682 1
2 683 1
3 11 1
3 29 1
3 34 1
3 98 1
3 120 1
3 263 1
3 289 1
3 422 1
3 449 1
3 542 1
3 566 1
3 655 1
4 6 1
4 7 1
4 40 1
4 42 1
4 82 1
4 88 1
4 96 1
4 116 1
4 142 1
4 153 1
4 181 1
4 215 1
4 253 1
4 284 1
4 638 1
4 684 1
4 685 1
5 10 1
5 21 1
5 48 1
5 57 1
5 137 1
5 331 1
5 486 1
5 592 1
5 678 1
5 686 1
5 687 1
6 7 1
6 8 1
6 9 1
6 11 1
6 12 1
6 13 1
6 14 1
6 15 1
6 16 1
6 21 1
6 22 1
6 23 1
6 27 1
6 29 1
6 30 1
6 35 1
6 36 1
6 39 1
6 40 1
6 41 1
6 42 1
6 44 1
6 54 1
6 57 1
6 58 1
6 70 1
6 77 1
6 78 1
6 79 1
6 82 1
6 83 1
6 84 1
6 85 1
6 88 1
6 96 1
6 99 1
6 101 1
6 103 1
6 104 1
6 105 1
6 109 1
6 116 1
6 117 1
6 120 1
6 126 1
6 135 1
6 137 1
6 139 1
6 149 1
6 151 1
6 153 1
6 161 1
6 168 1
6 170 1
6 179 1
6 181 1
6 184 1
6 185 1
6 187 1
6 188 1
6 193 1
6 195 1
6 198 1
6 200 1
6 201 1
6 208 1
6 215 1
6 222 1
6 232 1
6 233 1
6 234 1
6 237 1
6 239 1
6 246 1
6 247 1
6 248 1
6 252 1
6 253 1
6 261 1
6 263 1
6 264 1
6 265 1
6 268 1
6 280 1
6 284 1
6 285 1
6 290 1
6 300 1
6 305 1
6 322 1
6 323 1
6 324 1
6 325 1
6 334 1
6 347 1
6 353 1
6 360 1
6 363 1
6 365 1
6 372 1
6 374 1
6 376 1
6 381 1
6 386 1
6 399 1
6 400 1
6 404 1
6 411 1
6 413 1
6 416 1
6 421 1
6 423 1
6 433 1
6 450 1
6 452 1
6 463 1
6 467 1
6 470 1
6 471 1
6 473 1
6 503 1
6 510 1
6 518 1
6 525 1
6 532 1
6 550 1
6 551 1
6 566 1
6 570 1
6 571 1
6 574 1
6 580 1
6 582 1
6 584 1
6 598 1
6 603 1
6 608 1
6 617 1
6 618 1
6 622 1
6 623 1
6 626 1
6 640 1
6 641 1
6 642 1
6 643 1
6 644 1
6 647 1
6 648 1
6 651 1
6 656 1
6 657 1
6 664 1
6 667 1
6 668 1
6 674 1
6 677 1
6 679 1
6 680 1
6 681 1
6 682 1
6 684 1
6 688 1
6 689 1
6 690 1
6 691 1
6 692 1
6 693 1
6 694 1
6 695 1
6 696 1
6 697 1
6 698 1
6 699 1
6 700 1
6 701 1
6 702 1
6 703 1
6 704 1
6 705 1
6 706 1
6 707 1
6 708 1
6 709 1
6 710 1
6 711 1
6 712 1
6 713 1
6 714 1
6 715 1
6 716 1
6 717 1
6 718 1
6 719 1
6 720 1
6 721 1
6 722 1
6 723 1
6 724 1
6 725 1
6 726 1
6 727 1
6 728 1
6 729 1
6 730 1
7 11 1
7 13 1
7 14 1
7 21 1
7 22 1
7 23 1
7 29 1
7 30 1
7 35 1
7 36 1
7 39 1
7 40 1
7 41 1
7 42 1
7 44 1
7 54 1
7 57 1
7 77 1
7 78 1
7 79 1
7 82 1
7 83 1
7 84 1
7 92 1
7 103 1
7 105 1
7 109 1
7 116 1
7 117 1
7 120 1
7 126 1
7 139 1
7 143 1
7 161 1
7 170 1
7 179 1
7 187 1
7 195 1
7 222 1
7 232 1
7 233 1
7 234 1
7 239 1
7 252 1
7 261 1
7 263 1
7 267 1
7 284 1
7 322 1
7 325 1
7 326 1
7 363 1
7 365 1
7 381 1
7 399 1
7 400 1
7 438 1
7 467 1
7 477 1
7 525 1
7 532 1
7 551 1
7 580 1
7 582 1
7 603 1
7 647 1
7 677 1
7 679 1
7 681 1
7 682 1
7 684 1
7 689 1
7 691 1
7 692 1
7 694 1
7 698 1
7 699 1
7 700 1
7 701 1
7 704 1
7 712 1
7 719 1
7 728 1
7 729 1
7 731 1
7 732 1
7 733 1
7 734 1
7 735 1
7 736 1
7 737 1
7 738 1
7 739 1
7 740 1
7 741 1
8 530 1
9 350 1
9 605 1
10 742 1
11 28 1
11 34 1
11 48 1
11 110 1
11 120 1
11 133 1
11 137 1
11 145 1
11 194 1
11 242 1
11 307 1
11 452 1
11 453 1
11 502 1
11 561 1
11 697 1
11 743 1
11 744 1
11 745 1
11 746 1
12 22 1
12 164 1
12 598 1
12 619 1
12 747 1
13 40 1
14 340 1
14 368 1
15 17 1
15 19 1
15 20 1
15 26 1
15 29 1
15 34 1
15 36 1
15 38 1
15 39 1
15 43 1
15 48 1
15 52 1
15 53 1
15 55 1
15 57 1
15 60 1
15 62 1
15 68 1
15 78 1
15 81 1
15 85 1
15 86 1
15 92 1
15 96 1
15 103 1
15 114 1
15 120 1
15 122 1
15 127 1
15 129 1
15 131 1
15 142 1
15 145 1
15 152 1
15 160 1
15 165 1
15 176 1
15 178 1
15 180 1
15 181 1
15 184 1
15 187 1
15 194 1
15 209 1
15 210 1
15 215 1
15 216 1
15 223 1
15 224 1
15 227 1
15 229 1
15 243 1
15 249 1
15 259 1
15 263 1
15 266 1
15 268 1
15 272 1
15 275 1
15 276 1
15 284 1
15 285 1
15 292 1
15 297 1
15 302 1
15 303 1
15 320 1
15 324 1
15 327 1
15 328 1
15 339 1
15 340 1
15 350 1
15 354 1
15 361 1
15 363 1
15 369 1
15 389 1
15 391 1
15 395 1
15 398 1
15 407 1
15 408 1
15 414 1
15 420 1
15 426 1
15 432 1
15 435 1
15 447 1
15 452 1
15 456 1
15 472 1
15 489 1
15 490 1
15 505 1
15 508 1
15 509 1
15 552 1
15 554 1
15 574 1
15 575 1
15 579 1
15 603 1
15 607 1
15 617 1
15 643 1
15 644 1
15 646 1
15 683 1
15 692 1
15 697 1
15 698 1
15 726 1
15 738 1
15 748 1
15 749 1
15 750 1
15 751 1
15 752 1
15 753 1
15 754 1
15 755 1
15 756 1
15 757 1
15 758 1
15 759 1
15 760 1
15 761 1
15 762 1
15 763 1
15 764 1
15 765 1
15 766 1
15 767 1
15 768 1
15 769 1
15 770 1
15 771 1
15 772 1
15 773 1
15 774 1
15 775 1
15 776 1
15 777 1
15 778 1
15 779 1
15 780 1
15 781 1
15 782 1
15 783 1
15 784 1
15 785 1
15 786 1
15 787 1
15 788 1
15 789 1
15 790 1
15 791 1
15 792 1
15 793 1
16 57 1
16 82 1
16 692 1
17 26 1
17 36 1
17 38 1
17 39 1
17 43 1
17 52 1
17 53 1
17 57 1
17 60 1
17 78 1
17 82 1
17 86 1
17 92 1
17 96 1
17 103 1
17 109 1
17 110 1
17 114 1
17 120 1
17 121 1
17 122 1
17 127 1
17 142 1
17 145 1
17 157 1
17 160 1
17 165 1
17 176 1
17 180 1
17 184 1
17 194 1
17 209 1
17 210 1
17 215 1
17 224 1
17 227 1
17 229 1
17 238 1
17 243 1
17 249 1
17 263 1
17 272 1
17 275 1
17 276 1
17 284 1
17 296 1
17 340 1
17 354 1
17 361 1
17 363 1
17 369 1
17 389 1
17 391 1
17 402 1
17 414 1
17 426 1
17 452 1
17 456 1
17 472 1
17 489 1
17 490 1
17 508 1
17 554 1
17 571 1
17 574 1
17 575 1
17 579 1
17 603 1
17 617 1
17 683 1
17 692 1
17 726 1
17 738 1
17 746 1
17 751 1
17 752 1
17 755 1
17 757 1
17 758 1
17 763 1
17 764 1
17 771 1
17 772 1
17 775 1
17 776 1
17 777 1
17 779 1
17 782 1
17 783 1
17 785 1
17 786 1
17 787 1
17 788 1
17 790 1
17 793 1
17 794 1
17 795 1
17 796 1
17 797 1
17 798 1
18 24 1
18 29 1
18 31 1
18 51 1
18 73 1
18 115 1
18 154 1
18 162 1
18 231 1
18 410 1
18 529 1
18 799 1
19 100 1
19 363 1
19 756 1
20 800 1
21 47 1
21 48 1
21 98 1
21 122 1
21 215 1
21 275 1
21 368 1
21 524 1
21 525 1
21 668 1
22 78 1
22 84 1
22 96 1
22 103 1
22 113 1
22 120 1
22 174 1
22 181 1
22 201 1
22 206 1
22 222 1
22 233 1
22 239 1
22 269 1
22 322 1
22 349 1
22 416 1
22 477 1
22 801 1
22 802 1
22 803 1
23 446 1
24 28 1
24 31 1
24 33 1
24 34 1
24 37 1
24 46 1
24 50 1
24 51 1
24 56 1
24 58 1
24 73 1
24 74 1
24 95 1
24 115 1
24 118 1
24 162 1
24 166 1
24 169 1
24 190 1
24 230 1
24 245 1
24 256 1
24 284 1
24 314 1
24 316 1
24 354 1
24 378 1
24 410 1
24 428 1
24 459 1
24 468 1
24 498 1
24 533 1
24 534 1
24 538 1
24 547 1
24 553 1
24 555 1
24 567 1
24 568 1
24 585 1
24 747 1
24 764 1
24 799 1
24 804 1
24 805 1
24 806 1
24 807 1
24 808 1
24 809 1
24 810 1
24 811 1
24 812 1
24 813 1
24 814 1
24 815 1
24 816 1
24 817 1
24 818 1
24 819 1
24 820 1
24 821 1
24 822 1
24 823 1
24 824 1
24 825 1
24 826 1
24 827 1
25 34 1
25 289 1
25 828 1
26 29 1
26 36 1
26 62 1
26 152 1
26 176 1
26 215 1
26 216 1
26 302 1
26 314 1
26 323 1
26 350 1
26 428 1
26 432 1
26 486 1
26 727 1
26 755 1
26 795 1
27 49 1
27 63 1
27 64 1
27 65 1
27 80 1
27 82 1
27 84 1
27 87 1
27 88 1
27 89 1
27 91 1
27 92 1
27 103 1
27 105 1
27 107 1
27 140 1
27 141 1
27 142 1
27 159 1
27 183 1
27 187 1
27 189 1
27 208 1
27 212 1
27 260 1
27 263 1
27 296 1
27 299 1
27 300 1
27 322 1
27 326 1
27 329 1
27 353 1
27 366 1
27 376 1
27 382 1
27 389 1
27 467 1
27 560 1
27 603 1
27 682 1
27 694 1
27 739 1
27 829 1
27 830 1
27 831 1
27 832 1
27 833 1
27 834 1
27 835 1
27 836 1
27 837 1
27 838 1
27 839 1
27 840 1
27 841 1
27 842 1
27 843 1
27 844 1
27 845 1
27 846 1
27 847 1
28 683 1
29 61 1
29 71 1
29 122 1
29 123 1
29 132 1
29 155 1
29 197 1
29 203 1
29 213 1
29 215 1
29 250 1
29 304 1
29 322 1
29 324 1
29 344 1
29 371 1
29 385 1
29 387 1
29 402 1
29 458 1
29 520 1
29 526 1
29 544 1
29 683 1
29 743 1
29 777 1
29 805 1
29 848 1
29 849 1
29 850 1
29 851 1
29 852 1
29 853 1
29 854 1
29 855 1
29 856 1
29 857 1
29 858 1
30 93 1
31 46 1
31 162 1
31 230 1
31 284 1
31 314 1
31 410 1
32 447 1
32 859 1
33 59 1
33 267 1
33 322 1
33 501 1
33 804 1
33 809 1
34 120 1
34 215 1
34 322 1
34 340 1
34 414 1
34 554 1
34 746 1
34 763 1
34 782 1
34 787 1
34 816 1
34 860 1
35 49 1
35 91 1
36 176 1
36 765 1
36 773 1
36 809 1
36 861 1
37 45 1
37 458 1
38 60 1
38 100 1
38 103 1
38 120 1
38 122 1
38 178 1
38 180 1
38 229 1
38 281 1
38 363 1
38 414 1
38 456 1
38 490 1
38 575 1
38 756 1
38 762 1
38 763 1
38 776 1
38 792 1
38 793 1
38 862 1
38 863 1
38 864 1
39 43 1
39 57 1
39 60 1
39 66 1
39 72 1
39 92 1
39 105 1
39 110 1
39 114 1
39 120 1
39 122 1
39 124 1
39 125 1
39 127 1
39 142 1
39 145 1
39 147 1
39 157 1
39 158 1
39 160 1
39 171 1
39 181 1
39 196 1
39 205 1
39 207 1
39 209 1
39 210 1
39 211 1
39 224 1
39 229 1
39 240 1
39 258 1
39 266 1
39 272 1
39 275 1
39 293 1
39 294 1
39 296 1
39 297 1
39 307 1
39 309 1
39 320 1
39 323 1
39 340 1
39 347 1
39 354 1
39 356 1
39 357 1
39 363 1
39 364 1
39 367 1
39 368 1
39 370 1
39 379 1
39 389 1
39 395 1
39 427 1
39 429 1
39 452 1
39 453 1
39 456 1
39 477 1
39 490 1
39 509 1
39 518 1
39 530 1
39 543 1
39 546 1
39 548 1
39 549 1
39 562 1
39 574 1
39 591 1
39 603 1
39 654 1
39 726 1
39 746 1
39 751 1
39 752 1
39 756 1
39 764 1
39 768 1
39 775 1
39 778 1
39 782 1
39 784 1
39 795 1
39 796 1
39 798 1
39 828 1
39 838 1
39 862 1
39 865 1
39 866 1
39 867 1
39 868 1
39 869 1
39 870 1
39 871 1
39 872 1
39 873 1
39 874 1
39 875 1
39 876 1
39 877 1
39 878 1
39 879 1
39 880 1
39 881 1
39 882 1
39 883 1
39 884 1
39 885 1
39 886 1
39 887 1
39 888 1
39 889 1
39 890 1
39 891 1
39 892 1
39 893 1
39 894 1
39 895 1
39 896 1
40 42 1
40 57 1
40 66 1
40 76 1
40 78 1
40 79 1
40 82 1
40 84 1
40 90 1
40 92 1
40 98 1
40 103 1
40 104 1
40 105 1
40 107 1
40 116 1
40 120 1
40 121 1
40 126 1
40 130 1
40 146 1
40 167 1
40 181 1
40 187 1
40 189 1
40 195 1
40 222 1
40 228 1
40 234 1
40 262 1
40 263 1
40 267 1
40 269 1
40 284 1
40 295 1
40 296 1
40 299 1
40 300 1
40 322 1
40 325 1
40 352 1
40 365 1
40 399 1
40 400 1
40 467 1
40 476 1
40 485 1
40 486 1
40 603 1
40 620 1
40 652 1
40 667 1
40 681 1
40 685 1
40 708 1
40 728 1
40 730 1
40 733 1
40 739 1
40 751 1
40 812 1
40 863 1
40 897 1
40 898 1
40 899 1
40 900 1
40 901 1
40 902 1
40 903 1
40 904 1
40 905 1
41 42 1
41 76 1
41 87 1
41 88 1
41 92 1
41 103 1
41 111 1
41 140 1
41 142 1
41 144 1
41 176 1
41 181 1
41 185 1
41 215 1
41 253 1
41 281 1
41 284 1
41 550 1
41 734 1
41 739 1
41 906 1
42 43 1
42 76 1
42 79 1
42 82 1
42 87 1
42 92 1
42 104 1
42 107 1
42 135 1
42 146 1
42 153 1
42 215 1
42 222 1
42 253 1
42 260 1
42 265 1
42 281 1
42 295 1
42 296 1
42 300 1
42 319 1
42 322 1
42 360 1
42 399 1
42 467 1
42 470 1
42 486 1
42 532 1
42 603 1
42 607 1
42 751 1
42 838 1
42 863 1
42 906 1
43 114 1
43 122 1
43 145 1
43 176 1
43 185 1
43 194 1
43 229 1
43 243 1
43 272 1
43 281 1
43 292 1
43 302 1
43 340 1
43 351 1
43 429 1
43 433 1
43 436 1
43 457 1
43 575 1
43 603 1
43 618 1
43 686 1
43 711 1
43 751 1
43 752 1
43 755 1
43 775 1
43 782 1
43 877 1
43 882 1
43 906 1
43 907 1
44 92 1
45 68 1
45 215 1
45 247 1
46 162 1
46 410 1
46 533 1
47 72 1
47 741 1
48 66 1
48 120 1
48 805 1
49 63 1
49 65 1
49 91 1
49 303 1
49 834 1
50 66 1
50 68 1
50 74 1
50 93 1
50 94 1
50 97 1
50 123 1
50 150 1
50 194 1
50 215 1
50 322 1
50 351 1
50 403 1
50 744 1
50 805 1
50 808 1
50 816 1
50 907 1
50 908 1
51 74 1
51 115 1
51 143 1
51 160 1
51 162 1
51 163 1
51 174 1
51 215 1
51 223 1
51 247 1
51 281 1
51 302 1
51 314 1
51 322 1
51 397 1
51 436 1
51 805 1
51 906 1
52 66 1
52 81 1
52 94 1
52 114 1
52 122 1
52 150 1
52 180 1
52 194 1
52 209 1
52 215 1
52 224 1
52 227 1
52 249 1
52 258 1
52 276 1
52 281 1
52 320 1
52 340 1
52 402 1
52 424 1
52 452 1
52 467 1
52 738 1
52 756 1
52 782 1
52 794 1
52 805 1
52 882 1
52 906 1
53 120 1
53 165 1
53 196 1
53 363 1
53 438 1
53 472 1
53 477 1
53 515 1
53 554 1
53 575 1
53 726 1
53 789 1
53 793 1
53 794 1
53 805 1
53 816 1
54 94 1
54 123 1
54 173 1
54 215 1
54 247 1
54 274 1
54 322 1
54 805 1
54 816 1
54 854 1
55 68 1
55 75 1
55 112 1
55 135 1
55 215 1
55 789 1
56 120 1
56 805 1
57 121 1
57 122 1
57 152 1
57 284 1
57 433 1
57 520 1
57 526 1
57 751 1
57 752 1
57 864 1
58 284 1
58 317 1
58 813 1
59 352 1
59 433 1
59 485 1
59 642 1
60 78 1
60 92 1
60 96 1
60 100 1
60 103 1
60 113 1
60 120 1
60 122 1
60 124 1
60 138 1
60 140 1
60 145 1
60 156 1
60 179 1
60 181 1
60 195 1
60 210 1
60 234 1
60 240 1
60 241 1
60 244 1
60 248 1
60 260 1
60 264 1
60 272 1
60 286 1
60 294 1
60 297 1
60 309 1
60 322 1
60 324 1
60 347 1
60 356 1
60 357 1
60 363 1
60 383 1
60 389 1
60 399 1
60 402 1
60 404 1
60 407 1
60 429 1
60 435 1
60 452 1
60 456 1
60 475 1
60 477 1
60 490 1
60 493 1
60 509 1
60 519 1
60 524 1
60 545 1
60 549 1
60 554 1
60 558 1
60 561 1
60 562 1
60 576 1
60 579 1
60 591 1
60 609 1
60 613 1
60 620 1
60 643 1
60 644 1
60 652 1
60 682 1
60 686 1
60 726 1
60 728 1
60 739 1
60 746 1
60 751 1
60 753 1
60 756 1
60 772 1
60 775 1
60 776 1
60 778 1
60 782 1
60 784 1
60 788 1
60 790 1
60 792 1
60 794 1
60 828 1
60 842 1
60 877 1
60 882 1
60 896 1
60 909 1
60 910 1
60 911 1
60 912 1
60 913 1
60 914 1
60 915 1
60 916 1
60 917 1
60 918 1
60 919 1
60 920 1
61 122 1
62 174 1
62 794 1
63 91 1
64 127 1
64 215 1
64 235 1
64 419 1
64 794 1
64 837 1
64 921 1
64 922 1
64 923 1
65 91 1
65 159 1
65 829 1
65 834 1
65 841 1
65 845 1
66 213 1
66 215 1
66 344 1
67 68 1
67 111 1
67 215 1
67 253 1
68 76 1
68 111 1
68 151 1
68 215 1
68 247 1
68 250 1
69 93 1
69 153 1
69 214 1
69 215 1
70 113 1
70 168 1
70 219 1
70 232 1
70 233 1
70 239 1
70 259 1
70 269 1
70 322 1
70 473 1
70 482 1
70 612 1
70 680 1
71 122 1
72 114 1
72 145 1
72 285 1
72 924 1
73 115 1
73 272 1
73 769 1
74 93 1
74 194 1
74 206 1
74 322 1
75 121 1
75 285 1
76 135 1
76 146 1
76 153 1
76 215 1
76 252 1
77 648 1
78 96 1
78 120 1
78 126 1
78 322 1
78 372 1
79 111 1
79 135 1
79 153 1
79 222 1
79 252 1
79 253 1
79 264 1
80 91 1
81 114 1
81 135 1
81 152 1
81 157 1
81 181 1
81 184 1
81 215 1
81 241 1
81 320 1
81 416 1
81 452 1
81 509 1
81 738 1
81 778 1
82 92 1
82 105 1
82 299 1
82 413 1
82 457 1
82 504 1
83 122 1
83 127 1
83 129 1
83 166 1
83 187 1
83 247 1
83 280 1
83 281 1
83 284 1
83 397 1
83 509 1
83 520 1
83 524 1
83 526 1
83 726 1
83 752 1
83 755 1
83 764 1
83 772 1
83 782 1
83 857 1
84 113 1
84 135 1
84 157 1
84 167 1
84 168 1
84 187 1
84 195 1
84 206 1
84 215 1
84 234 1
84 237 1
84 252 1
84 253 1
84 263 1
84 300 1
84 316 1
84 322 1
84 399 1
84 400 1
84 416 1
84 420 1
84 421 1
84 467 1
84 525 1
84 619 1
84 728 1
84 739 1
84 794 1
84 801 1
84 836 1
84 842 1
85 135 1
85 209 1
85 215 1
85 272 1
85 285 1
85 320 1
85 340 1
85 738 1
86 120 1
86 129 1
86 152 1
86 215 1
86 247 1
86 363 1
86 452 1
86 744 1
86 755 1
86 756 1
86 757 1
86 776 1
86 925 1
87 208 1
87 215 1
87 356 1
87 548 1
87 574 1
88 141 1
88 181 1
88 187 1
88 205 1
88 285 1
88 322 1
88 343 1
88 365 1
88 756 1
88 844 1
88 847 1
89 834 1
89 841 1
90 94 1
90 118 1
90 166 1
91 141 1
91 267 1
91 303 1
91 835 1
92 397 1
93 94 1
93 150 1
93 215 1
93 744 1
94 150 1
94 214 1
94 215 1
94 248 1
94 430 1
94 744 1
95 164 1
95 190 1
95 327 1
96 103 1
96 114 1
96 120 1
96 138 1
96 140 1
96 145 1
96 181 1
96 189 1
96 218 1
96 252 1
96 259 1
96 264 1
96 269 1
96 286 1
96 322 1
96 372 1
96 382 1
96 383 1
96 456 1
96 477 1
96 496 1
96 518 1
96 561 1
96 591 1
96 609 1
96 613 1
96 623 1
96 640 1
96 687 1
96 739 1
96 744 1
96 789 1
96 905 1
97 403 1
97 447 1
97 494 1
97 558 1
97 926 1
98 120 1
98 255 1
98 279 1
98 338 1
98 374 1
98 446 1
98 449 1
98 542 1
98 927 1
98 928 1
99 213 1
99 306 1
100 204 1
101 929 1
102 215 1
103 127 1
103 140 1
103 142 1
103 196 1
103 205 1
103 222 1
103 240 1
103 269 1
103 284 1
103 309 1
103 322 1
103 324 1
103 347 1
103 349 1
103 363 1
103 452 1
103 467 1
103 475 1
103 493 1
103 613 1
103 620 1
103 624 1
103 632 1
103 713 1
103 739 1
103 802 1
103 803 1
104 146 1
104 153 1
104 184 1
104 195 1
104 215 1
104 252 1
104 263 1
104 284 1
104 300 1
104 322 1
105 141 1
105 206 1
105 260 1
105 263 1
105 300 1
105 322 1
105 329 1
105 407 1
105 419 1
105 837 1
106 120 1
106 176 1
106 281 1
106 302 1
106 340 1
106 366 1
106 410 1
106 413 1
106 419 1
106 433 1
106 452 1
106 457 1
106 474 1
106 742 1
106 782 1
106 789 1
106 837 1
106 882 1
106 906 1
106 922 1
106 930 1
106 931 1
107 135 1
107 142 1
107 153 1
107 184 1
107 188 1
107 195 1
107 215 1
107 247 1
107 260 1
107 300 1
107 322 1
107 712 1
107 739 1
107 772 1
108 177 1
109 177 1
110 293 1
110 295 1
110 296 1
110 340 1
110 391 1
110 686 1
111 215 1
111 253 1
112 177 1
112 215 1
112 801 1
113 120 1
113 167 1
113 177 1
113 213 1
113 260 1
113 285 1
113 305 1
113 322 1
113 343 1
113 351 1
113 425 1
113 516 1
113 561 1
113 907 1
113 932 1
114 157 1
114 165 1
114 177 1
114 180 1
114 194 1
114 221 1
114 224 1
114 228 1
114 296 1
114 368 1
114 389 1
114 452 1
114 453 1
114 458 1
114 490 1
114 496 1
114 509 1
114 571 1
114 574 1
114 591 1
114 668 1
114 686 1
114 782 1
114 828 1
114 870 1
114 872 1
114 877 1
114 878 1
114 894 1
115 177 1
116 117 1
116 120 1
116 138 1
116 167 1
116 179 1
116 199 1
116 202 1
116 213 1
116 257 1
116 260 1
116 263 1
116 322 1
116 380 1
116 382 1
116 518 1
116 525 1
116 617 1
116 640 1
116 653 1
116 933 1
117 138 1
117 139 1
117 161 1
117 167 1
117 168 1
117 177 1
117 179 1
117 195 1
117 202 1
117 206 1
117 213 1
117 225 1
117 236 1
117 260 1
117 263 1
117 264 1
117 277 1
117 285 1
117 286 1
117 322 1
117 324 1
117 326 1
117 329 1
117 343 1
117 380 1
117 381 1
117 382 1
117 383 1
117 401 1
117 411 1
117 423 1
117 444 1
117 450 1
117 473 1
117 511 1
117 516 1
117 525 1
117 527 1
117 532 1
117 536 1
117 541 1
117 556 1
117 557 1
117 558 1
117 560 1
117 561 1
117 578 1
117 581 1
117 582 1
117 588 1
117 605 1
117 607 1
117 610 1
117 618 1
117 623 1
117 626 1
117 648 1
117 650 1
117 653 1
117 666 1
117 673 1
117 681 1
117 682 1
117 704 1
117 706 1
117 713 1
117 720 1
117 729 1
117 745 1
117 771 1
117 789 1
117 797 1
117 844 1
117 931 1
117 934 1
117 935 1
117 936 1
117 937 1
117 938 1
117 939 1
117 940 1
117 941 1
117 942 1
118 403 1
118 816 1
119 177 1
119 274 1
119 282 1
119 322 1
119 742 1
119 929 1
120 135 1
120 157 1
120 177 1
120 194 1
120 202 1
120 224 1
120 228 1
120 263 1
120 264 1
120 272 1
120 322 1
120 324 1
120 329 1
120 340 1
120 345 1
120 378 1
120 393 1
120 403 1
120 426 1
120 427 1
120 452 1
120 456 1
120 458 1
120 476 1
120 477 1
120 502 1
120 518 1
120 522 1
120 524 1
120 525 1
120 539 1
120 561 1
120 579 1
120 629 1
120 746 1
120 762 1
120 776 1
120 777 1
120 789 1
120 794 1
120 856 1
120 858 1
120 864 1
120 869 1
120 882 1
120 907 1
120 943 1
120 944 1
121 177 1
121 247 1
121 322 1
121 433 1
121 740 1
121 878 1
121 945 1
122 177 1
122 298 1
122 322 1
122 344 1
122 524 1
123 213 1
123 322 1
123 344 1
123 524 1
123 622 1
123 852 1
124 171 1
124 420 1
124 490 1
124 867 1
124 868 1
124 870 1
124 871 1
124 910 1
125 158 1
125 171 1
125 210 1
125 211 1
125 229 1
125 867 1
125 868 1
125 874 1
125 881 1
125 890 1
126 177 1
127 177 1
127 419 1
127 922 1
128 289 1
128 322 1
128 524 1
128 687 1
128 934 1
129 215 1
129 256 1
129 281 1
129 340 1
129 428 1
129 459 1
129 534 1
129 538 1
129 553 1
129 794 1
129 825 1
129 860 1
129 906 1
130 153 1
130 184 1
130 195 1
130 215 1
130 247 1
130 252 1
130 260 1
130 322 1
130 712 1
130 739 1
131 411 1
131 447 1
131 800 1
132 215 1
132 249 1
133 756 1
134 217 1
135 144 1
135 152 1
135 153 1
135 215 1
135 247 1
135 252 1
135 253 1
136 169 1
136 446 1
136 513 1
136 542 1
136 927 1
136 928 1
137 274 1
138 167 1
138 195 1
138 202 1
138 204 1
138 225 1
138 257 1
138 274 1
138 322 1
138 329 1
138 335 1
138 343 1
138 351 1
138 380 1
138 381 1
138 409 1
138 425 1
138 445 1
138 450 1
138 516 1
138 525 1
138 536 1
138 558 1
138 561 1
138 588 1
138 682 1
138 907 1
138 924 1
138 935 1
138 946 1
138 947 1
139 285 1
139 289 1
139 363 1
139 452 1
139 458 1
139 505 1
139 746 1
139 776 1
139 783 1
139 785 1
139 917 1
140 179 1
140 196 1
140 240 1
140 322 1
140 363 1
140 452 1
140 739 1
140 746 1
140 788 1
141 259 1
141 351 1
142 193 1
142 390 1
142 423 1
142 450 1
142 461 1
142 632 1
142 948 1
143 175 1
143 314 1
143 387 1
143 410 1
143 864 1
143 949 1
144 322 1
144 340 1
144 457 1
144 474 1
145 194 1
145 292 1
145 452 1
145 575 1
145 756 1
145 782 1
145 878 1
146 215 1
146 252 1
146 322 1
147 181 1
147 182 1
147 192 1
147 210 1
147 211 1
147 220 1
147 229 1
147 746 1
147 768 1
147 867 1
147 874 1
147 875 1
147 881 1
147 890 1
147 896 1
147 950 1
148 204 1
149 168 1
149 707 1
149 710 1
150 204 1
150 214 1
150 215 1
150 250 1
151 204 1
151 215 1
151 250 1
151 253 1
152 153 1
152 204 1
152 215 1
152 247 1
152 248 1
152 402 1
153 188 1
153 204 1
153 215 1
153 247 1
154 794 1
154 951 1
155 204 1
155 213 1
155 951 1
156 259 1
156 305 1
156 951 1
157 277 1
157 502 1
158 211 1
158 277 1
159 845 1
160 204 1
160 213 1
160 228 1
160 229 1
160 281 1
160 292 1
160 313 1
160 314 1
160 322 1
160 378 1
160 452 1
160 575 1
160 617 1
160 629 1
160 706 1
160 794 1
160 816 1
160 864 1
160 952 1
161 189 1
161 204 1
161 264 1
161 322 1
161 352 1
161 458 1
161 469 1
161 485 1
161 500 1
161 557 1
161 578 1
161 706 1
161 713 1
161 789 1
161 935 1
162 204 1
162 231 1
162 281 1
162 304 1
162 322 1
162 387 1
162 410 1
162 877 1
162 906 1
163 204 1
163 213 1
163 228 1
163 371 1
163 378 1
163 387 1
163 410 1
163 520 1
163 526 1
163 575 1
163 652 1
163 706 1
163 864 1
163 949 1
163 953 1
164 204 1
164 239 1
164 274 1
164 290 1
164 327 1
164 375 1
164 623 1
165 204 1
165 339 1
165 395 1
165 432 1
165 452 1
165 575 1
165 726 1
165 789 1
166 204 1
166 213 1
166 322 1
166 789 1
167 195 1
167 204 1
167 213 1
167 257 1
167 260 1
167 263 1
167 322 1
167 329 1
167 380 1
167 381 1
167 557 1
167 578 1
167 623 1
167 653 1
167 794 1
167 935 1
167 954 1
168 274 1
168 710 1
168 936 1
169 655 1
170 951 1
171 868 1
172 951 1
173 194 1
173 951 1
174 351 1
174 951 1
175 204 1
175 322 1
175 371 1
175 436 1
175 500 1
175 525 1
175 652 1
175 949 1
176 204 1
176 215 1
176 221 1
176 237 1
176 281 1
176 284 1
176 287 1
176 302 1
176 314 1
176 322 1
176 340 1
176 354 1
176 355 1
176 356 1
176 362 1
176 410 1
176 420 1
176 436 1
176 470 1
176 474 1
176 500 1
176 504 1
176 507 1
176 528 1
176 548 1
176 549 1
176 574 1
176 575 1
176 580 1
176 585 1
176 594 1
176 725 1
176 764 1
176 771 1
176 774 1
176 857 1
176 906 1
176 955 1
176 956 1
177 215 1
178 274 1
178 340 1
178 361 1
178 426 1
178 432 1
178 438 1
178 838 1
179 195 1
179 263 1
179 322 1
179 329 1
179 381 1
179 401 1
179 416 1
179 483 1
179 623 1
179 794 1
180 292 1
180 363 1
180 395 1
180 402 1
180 426 1
180 452 1
180 456 1
180 490 1
180 776 1
180 777 1
180 788 1
180 792 1
180 793 1
180 797 1
180 864 1
180 870 1
181 182 1
181 189 1
181 192 1
181 205 1
181 218 1
181 220 1
181 229 1
181 270 1
181 281 1
181 284 1
181 294 1
181 312 1
181 318 1
181 352 1
181 358 1
181 365 1
181 375 1
181 390 1
181 392 1
181 396 1
181 399 1
181 415 1
181 416 1
181 418 1
181 437 1
181 439 1
181 463 1
181 465 1
181 471 1
181 478 1
181 479 1
181 481 1
181 492 1
181 495 1
181 504 1
181 506 1
181 559 1
181 574 1
181 580 1
181 677 1
181 725 1
181 867 1
181 905 1
181 906 1
181 950 1
181 951 1
181 957 1
181 958 1
181 959 1
181 960 1
181 961 1
181 962 1
181 963 1
181 964 1
181 965 1
182 192 1
182 867 1
182 950 1
183 839 1
184 204 1
184 274 1
184 322 1
184 574 1
185 951 1
186 215 1
186 285 1
186 428 1
186 534 1
186 538 1
186 553 1
186 836 1
186 921 1
186 922 1
187 218 1
187 243 1
187 787 1
187 844 1
188 215 1
188 251 1
188 253 1
188 966 1
189 218 1
189 243 1
189 469 1
190 327 1
191 215 1
191 247 1
191 967 1
192 312 1
192 347 1
192 964 1
193 213 1
193 252 1
193 274 1
193 322 1
193 360 1
193 376 1
193 423 1
193 450 1
193 458 1
193 657 1
193 968 1
194 322 1
194 403 1
194 496 1
195 260 1
195 264 1
195 286 1
195 322 1
195 329 1
195 381 1
195 382 1
195 401 1
195 444 1
195 461 1
195 519 1
195 557 1
195 560 1
195 578 1
195 593 1
195 623 1
195 666 1
195 789 1
195 969 1
195 970 1
195 971 1
195 972 1
196 313 1
196 430 1
196 789 1
196 860 1
197 298 1
197 322 1
198 310 1
198 973 1
198 974 1
199 257 1
199 322 1
199 640 1
200 262 1
200 435 1
201 331 1
201 374 1
201 472 1
201 473 1
201 497 1
201 615 1
201 616 1
201 679 1
202 263 1
202 322 1
202 329 1
202 381 1
202 382 1
203 215 1
203 249 1
204 215 1
205 284 1
205 343 1
205 347 1
205 352 1
205 360 1
205 390 1
205 394 1
205 397 1
205 399 1
205 416 1
205 439 1
205 494 1
205 500 1
205 506 1
205 672 1
205 870 1
205 961 1
206 523 1
206 975 1
207 266 1
207 318 1
207 795 1
207 976 1
208 270 1
208 366 1
208 390 1
208 550 1
208 836 1
208 957 1
209 258 1
209 272 1
209 340 1
209 368 1
209 452 1
209 456 1
209 518 1
209 562 1
209 571 1
209 746 1
209 775 1
209 864 1
209 869 1
209 873 1
209 877 1
209 880 1
209 894 1
210 215 1
210 340 1
210 424 1
210 427 1
210 508 1
210 715 1
210 787 1
211 277 1
212 790 1
213 225 1
213 322 1
213 458 1
214 215 1
214 314 1
214 316 1
214 966 1
215 227 1
215 233 1
215 235 1
215 238 1
215 239 1
215 247 1
215 253 1
215 340 1
215 368 1
215 869 1
216 351 1
216 398 1
216 860 1
216 907 1
217 274 1
217 966 1
218 274 1
219 233 1
219 239 1
219 322 1
219 326 1
219 328 1
219 343 1
219 352 1
219 360 1
219 375 1
219 381 1
219 394 1
219 404 1
219 407 1
219 409 1
219 412 1
219 415 1
219 461 1
219 476 1
219 477 1
219 501 1
219 525 1
219 551 1
219 570 1
219 582 1
219 612 1
219 613 1
219 615 1
219 619 1
219 628 1
219 629 1
219 633 1
219 634 1
219 635 1
219 715 1
219 717 1
219 722 1
219 745 1
219 948 1
219 977 1
220 322 1
221 966 1
222 259 1
222 260 1
222 274 1
222 321 1
222 322 1
222 360 1
222 394 1
222 624 1
223 274 1
224 258 1
224 263 1
224 274 1
224 293 1
224 296 1
224 330 1
224 339 1
224 340 1
224 354 1
224 363 1
224 368 1
224 388 1
224 395 1
224 402 1
224 414 1
224 424 1
224 452 1
224 453 1
224 472 1
224 509 1
224 530 1
224 543 1
224 575 1
224 726 1
224 746 1
224 763 1
224 764 1
224 793 1
224 828 1
224 869 1
224 873 1
224 944 1
224 978 1
225 458 1
226 255 1
226 305 1
226 321 1
226 347 1
226 422 1
226 449 1
226 966 1
227 276 1
227 285 1
227 402 1
227 424 1
227 452 1
227 966 1
228 322 1
228 686 1
228 966 1
229 452 1
230 274 1
230 410 1
230 966 1
231 354 1
231 410 1
231 498 1
231 680 1
231 966 1
232 252 1
232 290 1
232 322 1
232 399 1
232 525 1
232 677 1
232 680 1
232 966 1
233 239 1
233 247 1
233 251 1
233 252 1
233 259 1
233 274 1
233 281 1
233 290 1
233 294 1
233 300 1
233 306 1
233 317 1
233 322 1
233 333 1
233 347 1
233 355 1
233 359 1
233 360 1
233 381 1
233 389 1
233 396 1
233 412 1
233 415 1
233 417 1
233 430 1
233 436 1
233 466 1
233 467 1
233 469 1
233 473 1
233 479 1
233 483 1
233 486 1
233 501 1
233 525 1
233 532 1
233 584 1
233 589 1
233 612 1
233 619 1
233 651 1
233 656 1
233 658 1
233 687 1
233 712 1
233 714 1
233 730 1
233 906 1
233 908 1
233 941 1
233 961 1
233 964 1
233 966 1
233 967 1
233 973 1
233 979 1
233 980 1
233 981 1
233 982 1
233 983 1
234 322 1
234 399 1
234 508 1
234 787 1
234 863 1
234 966 1
235 293 1
235 430 1
235 686 1
235 966 1
235 984 1
236 324 1
236 643 1
236 644 1
236 680 1
237 277 1
237 966 1
237 985 1
238 277 1
238 322 1
238 409 1
238 476 1
238 493 1
238 523 1
238 667 1
238 961 1
238 966 1
238 985 1
239 247 1
239 259 1
239 274 1
239 277 1
239 281 1
239 290 1
239 300 1
239 317 1
239 322 1
239 347 1
239 353 1
239 355 1
239 360 1
239 361 1
239 381 1
239 389 1
239 390 1
239 399 1
239 400 1
239 401 1
239 404 1
239 412 1
239 436 1
239 464 1
239 465 1
239 467 1
239 470 1
239 478 1
239 479 1
239 486 1
239 488 1
239 501 1
239 525 1
239 532 1
239 551 1
239 571 1
239 582 1
239 612 1
239 619 1
239 623 1
239 632 1
239 639 1
239 658 1
239 665 1
239 730 1
239 906 1
239 908 1
239 941 1
239 961 1
239 966 1
239 967 1
239 979 1
239 980 1
239 981 1
239 982 1
239 983 1
240 241 1
240 294 1
240 322 1
240 356 1
240 357 1
240 363 1
240 389 1
240 402 1
240 452 1
240 489 1
240 509 1
240 561 1
240 571 1
240 574 1
240 728 1
240 739 1
240 782 1
240 784 1
240 787 1
240 788 1
240 842 1
240 894 1
240 918 1
241 363 1
241 452 1
241 967 1
242 344 1
243 772 1
244 407 1
244 915 1
245 966 1
246 558 1
246 612 1
246 966 1
247 248 1
247 249 1
247 250 1
247 251 1
247 252 1
247 253 1
247 298 1
247 340 1
247 741 1
248 253 1
250 253 1
252 253 1
253 966 1
254 274 1
254 458 1
254 468 1
254 966 1
255 305 1
255 321 1
255 346 1
255 513 1
256 274 1
256 322 1
256 338 1
256 403 1
256 468 1
256 494 1
256 503 1
256 505 1
256 558 1
256 572 1
256 816 1
256 986 1
257 322 1
257 329 1
257 380 1
257 381 1
257 401 1
257 403 1
257 523 1
257 650 1
257 682 1
257 847 1
257 938 1
258 274 1
258 292 1
258 293 1
258 296 1
258 339 1
258 340 1
258 368 1
258 377 1
258 379 1
258 389 1
258 395 1
258 402 1
258 424 1
258 432 1
258 435 1
258 452 1
258 453 1
258 456 1
258 472 1
258 518 1
258 530 1
258 534 1
258 562 1
258 575 1
258 579 1
258 746 1
258 789 1
258 793 1
258 869 1
258 873 1
258 880 1
258 902 1
258 944 1
259 297 1
259 322 1
259 328 1
259 372 1
259 397 1
259 399 1
259 467 1
259 471 1
259 584 1
259 613 1
259 615 1
259 657 1
259 667 1
259 674 1
259 739 1
259 789 1
260 274 1
260 322 1
260 329 1
260 389 1
260 397 1
260 403 1
260 409 1
260 444 1
260 472 1
260 473 1
260 477 1
260 511 1
260 512 1
260 519 1
260 527 1
260 557 1
260 560 1
260 561 1
260 578 1
260 657 1
260 666 1
260 682 1
260 739 1
260 789 1
260 839 1
260 924 1
260 970 1
260 971 1
261 321 1
261 338 1
262 345 1
262 363 1
262 424 1
262 899 1
263 322 1
263 329 1
263 381 1
263 403 1
263 416 1
263 501 1
263 623 1
263 924 1
264 286 1
264 322 1
264 423 1
264 444 1
264 447 1
264 450 1
264 496 1
264 512 1
264 536 1
264 860 1
264 940 1
265 287 1
265 300 1
265 322 1
265 347 1
265 361 1
265 394 1
265 399 1
265 460 1
265 467 1
265 470 1
265 471 1
265 486 1
265 500 1
265 525 1
265 532 1
265 548 1
265 551 1
265 559 1
265 580 1
265 677 1
265 973 1
265 987 1
265 988 1
266 354 1
266 498 1
266 795 1
266 814 1
266 976 1
266 989 1
267 322 1
267 390 1
267 393 1
267 837 1
267 990 1
268 314 1
268 322 1
269 274 1
269 290 1
269 322 1
269 328 1
269 396 1
269 461 1
269 467 1
269 486 1
269 948 1
270 284 1
270 290 1
270 410 1
271 967 1
272 291 1
272 293 1
272 296 1
272 297 1
272 334 1
272 339 1
272 340 1
272 350 1
272 354 1
272 364 1
272 366 1
272 368 1
272 369 1
272 379 1
272 389 1
272 407 1
272 420 1
272 452 1
272 475 1
272 530 1
272 534 1
272 543 1
272 546 1
272 585 1
272 591 1
272 623 1
272 686 1
272 746 1
272 764 1
272 770 1
272 775 1
272 781 1
272 783 1
272 788 1
272 864 1
272 869 1
272 873 1
272 877 1
272 880 1
272 882 1
272 895 1
272 896 1
272 944 1
272 967 1
272 973 1
273 283 1
273 545 1
274 653 1
275 575 1
276 452 1
276 789 1
277 458 1
278 321 1
278 374 1
278 435 1
278 456 1
278 493 1
278 497 1
278 666 1
278 789 1
278 927 1
279 578 1
280 330 1
280 472 1
280 522 1
280 562 1
280 771 1
280 877 1
280 920 1
281 322 1
281 387 1
281 397 1
281 399 1
281 405 1
281 406 1
281 436 1
281 460 1
281 500 1
281 505 1
281 520 1
281 526 1
281 531 1
281 532 1
281 575 1
281 638 1
281 666 1
281 672 1
281 727 1
281 789 1
281 791 1
281 856 1
281 863 1
281 864 1
281 877 1
281 906 1
281 929 1
281 953 1
281 961 1
281 991 1
282 322 1
282 344 1
282 351 1
282 430 1
282 524 1
282 907 1
282 952 1
283 301 1
283 308 1
283 311 1
283 321 1
283 322 1
283 328 1
283 330 1
283 336 1
283 337 1
283 341 1
283 342 1
283 346 1
283 372 1
283 373 1
283 377 1
283 388 1
283 424 1
283 442 1
283 451 1
283 482 1
283 488 1
283 517 1
283 522 1
283 523 1
283 535 1
283 537 1
283 545 1
283 551 1
283 563 1
283 565 1
283 582 1
283 583 1
283 667 1
283 800 1
283 992 1
283 993 1
283 994 1
283 995 1
283 996 1
283 997 1
283 998 1
283 999 1
283 1000 1
284 322 1
284 324 1
284 326 1
284 410 1
284 953 1
285 424 1
285 430 1
285 586 1
285 777 1
285 1001 1
286 322 1
286 444 1
286 447 1
286 511 1
286 512 1
286 536 1
286 860 1
286 900 1
287 322 1
287 436 1
288 314 1
288 315 1
288 348 1
288 462 1
288 480 1
288 484 1
289 678 1
290 322 1
290 347 1
290 353 1
290 360 1
290 389 1
290 396 1
290 418 1
290 439 1
290 501 1
290 519 1
290 532 1
290 653 1
290 816 1
290 902 1
291 364 1
291 431 1
291 686 1
291 791 1
291 1002 1
292 316 1
292 330 1
292 361 1
292 389 1
292 414 1
292 452 1
292 453 1
292 575 1
292 793 1
292 944 1
292 978 1
293 294 1
293 295 1
293 296 1
293 297 1
293 324 1
293 350 1
293 357 1
293 369 1
293 389 1
293 530 1
293 546 1
293 549 1
293 686 1
293 746 1
293 1002 1
294 353 1
294 361 1
294 389 1
294 686 1
294 1002 1
295 686 1
295 746 1
296 354 1
296 356 1
296 405 1
296 515 1
296 522 1
296 549 1
296 574 1
296 686 1
296 726 1
296 746 1
296 838 1
296 896 1
296 1002 1
297 463 1
297 686 1
297 746 1
298 322 1
298 326 1
298 450 1
299 303 1
299 326 1
299 329 1
299 477 1
299 501 1
299 560 1
299 625 1
299 682 1
299 839 1
299 843 1
299 900 1
299 972 1
300 319 1
300 322 1
300 326 1
300 360 1
300 394 1
300 399 1
300 467 1
300 483 1
300 486 1
300 500 1
300 531 1
300 532 1
300 580 1
300 677 1
300 906 1
301 545 1
302 572 1
302 782 1
303 323 1
303 324 1
303 351 1
303 401 1
303 425 1
303 430 1
303 471 1
303 501 1
303 502 1
303 514 1
303 536 1
303 625 1
303 797 1
303 885 1
304 322 1
304 441 1
305 321 1
305 513 1
305 542 1
305 671 1
306 422 1
306 449 1
306 532 1
306 541 1
306 542 1
306 636 1
306 653 1
306 655 1
306 661 1
306 670 1
307 455 1
307 816 1
308 322 1
308 336 1
308 372 1
308 435 1
308 451 1
308 535 1
308 630 1
308 631 1
309 356 1
309 728 1
310 974 1
311 321 1
311 336 1
311 342 1
311 372 1
311 517 1
311 535 1
311 537 1
311 545 1
311 563 1
311 583 1
311 999 1
311 1000 1
312 460 1
313 322 1
313 356 1
313 509 1
313 520 1
313 526 1
314 316 1
314 322 1
314 408 1
314 468 1
314 929 1
314 961 1
315 348 1
315 430 1
315 462 1
315 480 1
315 484 1
316 408 1
316 427 1
316 468 1
316 488 1
316 507 1
316 562 1
316 987 1
316 1003 1
317 778 1
318 764 1
319 399 1
319 532 1
320 420 1
320 430 1
320 765 1
320 773 1
320 782 1
321 422 1
321 545 1
322 351 1
322 363 1
322 371 1
322 380 1
322 382 1
322 401 1
322 403 1
322 405 1
322 406 1
322 410 1
322 425 1
322 441 1
322 452 1
322 455 1
322 458 1
322 476 1
322 477 1
322 492 1
322 494 1
322 500 1
322 511 1
322 523 1
322 524 1
322 532 1
322 536 1
322 539 1
322 545 1
322 558 1
322 561 1
322 569 1
322 588 1
322 593 1
322 648 1
322 650 1
322 652 1
322 682 1
322 746 1
322 797 1
322 847 1
322 855 1
322 857 1
322 860 1
322 925 1
322 926 1
322 929 1
322 938 1
322 939 1
322 943 1
322 944 1
322 952 1
322 953 1
322 968 1
322 970 1
322 978 1
322 985 1
322 986 1
322 990 1
322 1004 1
322 1005 1
322 1006 1
322 1007 1
322 1008 1
322 1009 1
322 1010 1
323 885 1
324 351 1
324 425 1
324 524 1
324 843 1
325 682 1
326 496 1
326 840 1
327 332 1
327 452 1
328 536 1
328 545 1
328 882 1
329 381 1
329 403 1
329 496 1
329 560 1
329 970 1
329 972 1
330 349 1
330 452 1
331 454 1
333 665 1
333 991 1
334 511 1
335 398 1
335 423 1
335 450 1
335 511 1
335 860 1
336 337 1
336 341 1
336 442 1
336 451 1
336 535 1
336 537 1
336 545 1
336 583 1
336 996 1
337 477 1
337 482 1
337 535 1
337 545 1
337 667 1
338 374 1
338 446 1
338 456 1
338 472 1
338 494 1
338 513 1
338 542 1
338 636 1
338 637 1
338 665 1
338 774 1
338 927 1
338 928 1
339 387 1
339 402 1
339 426 1
339 452 1
339 453 1
339 472 1
339 575 1
339 726 1
339 746 1
339 789 1
339 793 1
339 944 1
340 424 1
340 427 1
340 428 1
340 429 1
340 444 1
340 452 1
340 472 1
340 474 1
340 511 1
340 515 1
340 520 1
340 525 1
340 526 1
340 530 1
340 534 1
340 538 1
340 540 1
340 543 1
340 546 1
340 553 1
340 571 1
340 579 1
340 591 1
340 641 1
340 653 1
340 668 1
340 746 1
340 771 1
340 774 1
340 780 1
340 789 1
340 798 1
340 816 1
340 820 1
340 860 1
340 864 1
340 873 1
340 880 1
340 894 1
340 900 1
340 990 1
340 1011 1
341 372 1
341 442 1
341 517 1
341 536 1
341 537 1
341 545 1
341 563 1
341 565 1
341 583 1
341 1000 1
342 372 1
342 424 1
342 517 1
342 545 1
342 563 1
342 583 1
342 994 1
342 999 1
342 1000 1
343 381 1
343 425 1
343 536 1
343 560 1
343 940 1
344 430 1
344 1012 1
345 899 1
346 545 1
347 353 1
347 357 1
347 392 1
347 396 1
347 418 1
347 439 1
347 574 1
347 962 1
347 1013 1
348 480 1
348 484 1
349 486 1
350 410 1
350 458 1
350 953 1
351 375 1
351 401 1
351 403 1
351 405 1
351 417 1
351 425 1
351 433 1
351 447 1
351 468 1
351 503 1
351 514 1
351 525 1
351 939 1
352 460 1
353 354 1
353 356 1
353 389 1
353 392 1
353 418 1
353 574 1
354 585 1
354 764 1
354 814 1
355 410 1
355 525 1
356 361 1
356 389 1
356 395 1
356 432 1
356 433 1
356 435 1
356 456 1
356 479 1
356 492 1
356 493 1
356 515 1
356 549 1
356 554 1
356 562 1
356 574 1
356 579 1
356 585 1
356 646 1
356 652 1
356 778 1
356 782 1
356 784 1
356 857 1
356 894 1
356 896 1
356 1002 1
357 389 1
357 392 1
357 418 1
357 515 1
357 548 1
357 571 1
357 574 1
357 654 1
357 784 1
358 418 1
359 418 1
359 819 1
360 394 1
360 500 1
360 650 1
360 961 1
362 396 1
362 464 1
363 452 1
363 458 1
363 545 1
363 558 1
363 746 1
363 774 1
363 896 1
364 575 1
364 686 1
364 1002 1
365 386 1
365 497 1
365 501 1
365 582 1
365 584 1
365 718 1
365 728 1
365 787 1
366 409 1
366 413 1
366 457 1
366 485 1
366 784 1
366 844 1
366 882 1
366 1014 1
367 452 1
367 586 1
368 530 1
368 546 1
368 873 1
368 880 1
369 430 1
369 585 1
369 774 1
369 873 1
369 984 1
370 915 1
371 535 1
372 517 1
372 523 1
372 537 1
372 544 1
372 545 1
372 563 1
372 993 1
372 1000 1
373 545 1
373 667 1
374 446 1
375 471 1
375 501 1
375 503 1
375 536 1
376 718 1
377 472 1
377 545 1
377 686 1
377 1015 1
378 472 1
378 539 1
378 575 1
378 821 1
379 427 1
379 593 1
379 666 1
379 789 1
380 381 1
380 382 1
380 383 1
380 384 1
380 512 1
380 536 1
380 561 1
380 844 1
380 971 1
380 1016 1
381 382 1
381 383 1
381 384 1
381 403 1
381 441 1
381 472 1
381 477 1
381 494 1
381 500 1
381 511 1
381 516 1
381 519 1
381 525 1
381 536 1
381 556 1
381 557 1
381 558 1
381 560 1
381 561 1
381 573 1
381 578 1
381 581 1
381 648 1
381 650 1
381 653 1
381 666 1
381 676 1
381 682 1
381 729 1
381 745 1
381 778 1
381 788 1
381 789 1
381 797 1
381 844 1
381 938 1
381 941 1
381 942 1
381 952 1
381 970 1
381 971 1
381 972 1
381 977 1
381 988 1
381 991 1
381 1010 1
381 1016 1
381 1017 1
381 1018 1
381 1019 1
381 1020 1
382 384 1
382 472 1
382 511 1
382 516 1
382 525 1
382 536 1
382 557 1
382 561 1
382 578 1
382 653 1
382 655 1
382 673 1
382 745 1
382 789 1
382 797 1
382 938 1
383 472 1
383 511 1
383 536 1
383 557 1
383 578 1
383 745 1
383 789 1
383 860 1
384 450 1
384 472 1
384 511 1
384 560 1
384 839 1
384 972 1
385 641 1
385 789 1
386 718 1
387 425 1
388 545 1
389 418 1
389 479 1
389 519 1
389 549 1
389 550 1
389 574 1
389 579 1
389 883 1
389 990 1
390 722 1
390 740 1
391 433 1
391 515 1
392 396 1
392 437 1
392 439 1
392 506 1
392 962 1
393 789 1
394 500 1
394 536 1
394 988 1
395 452 1
395 789 1
396 417 1
396 437 1
396 439 1
396 464 1
396 479 1
396 1013 1
397 641 1
397 880 1
398 450 1
398 511 1
398 860 1
399 463 1
399 465 1
399 467 1
399 469 1
399 471 1
399 483 1
399 486 1
399 493 1
399 514 1
399 532 1
399 536 1
399 551 1
399 559 1
399 579 1
399 580 1
399 582 1
399 587 1
399 590 1
399 647 1
399 650 1
399 653 1
399 658 1
399 665 1
399 666 1
399 673 1
399 679 1
399 725 1
399 974 1
399 987 1
399 1002 1
399 1021 1
400 461 1
400 465 1
400 467 1
400 471 1
400 483 1
400 486 1
400 536 1
400 559 1
400 579 1
400 582 1
400 593 1
400 647 1
400 650 1
400 658 1
400 789 1
400 948 1
400 991 1
400 1002 1
400 1003 1
400 1021 1
401 503 1
401 511 1
401 525 1
401 532 1
401 536 1
401 573 1
401 593 1
401 641 1
401 650 1
401 666 1
401 789 1
401 938 1
401 943 1
401 952 1
401 986 1
401 1021 1
402 452 1
402 746 1
403 472 1
403 494 1
403 500 1
403 518 1
403 525 1
403 536 1
403 558 1
403 926 1
403 943 1
403 947 1
403 952 1
403 970 1
403 986 1
403 988 1
404 627 1
405 552 1
405 972 1
406 492 1
406 591 1
407 427 1
407 488 1
407 1014 1
408 430 1
408 432 1
408 467 1
408 468 1
408 562 1
408 575 1
408 1003 1
409 467 1
409 536 1
409 677 1
410 953 1
411 433 1
411 457 1
411 789 1
412 525 1
413 457 1
413 474 1
414 452 1
414 518 1
414 530 1
414 641 1
414 746 1
414 778 1
414 793 1
415 677 1
416 483 1
416 566 1
417 437 1
417 439 1
417 464 1
417 479 1
418 439 1
418 501 1
418 962 1
418 1013 1
419 837 1
420 515 1
420 575 1
420 579 1
420 586 1
420 591 1
420 746 1
420 844 1
421 489 1
421 500 1
421 536 1
422 442 1
422 671 1
422 928 1
423 536 1
424 536 1
424 545 1
425 514 1
425 516 1
425 519 1
425 560 1
425 593 1
425 641 1
425 777 1
425 844 1
425 925 1
426 452 1
426 524 1
426 530 1
426 641 1
426 686 1
427 789 1
428 474 1
428 515 1
428 529 1
428 534 1
428 538 1
428 553 1
428 864 1
429 476 1
430 524 1
430 678 1
431 459 1
431 642 1
431 856 1
431 1015 1
431 1022 1
432 459 1
432 642 1
432 856 1
432 1015 1
432 1022 1
433 459 1
433 642 1
433 856 1
433 1015 1
433 1022 1
434 459 1
434 642 1
434 856 1
434 857 1
434 1022 1
435 456 1
436 536 1
436 575 1
437 464 1
438 472 1
439 527 1
439 574 1
440 629 1
440 652 1
441 442 1
442 477 1
442 541 1
443 791 1
444 512 1
444 536 1
445 482 1
445 536 1
446 652 1
446 927 1
447 505 1
448 991 1
449 655 1
450 536 1
450 561 1
451 488 1
451 537 1
451 583 1
451 800 1
452 453 1
452 491 1
452 492 1
452 513 1
452 530 1
452 534 1
452 542 1
452 543 1
452 566 1
452 686 1
452 746 1
452 788 1
452 864 1
452 928 1
452 944 1
452 990 1
453 944 1
453 978 1
454 472 1
455 789 1
455 816 1
456 475 1
456 493 1
456 497 1
456 518 1
456 539 1
456 579 1
456 783 1
456 789 1
457 594 1
458 561 1
459 498 1
459 857 1
459 1022 1
460 471 1
460 481 1
460 488 1
460 500 1
460 506 1
460 536 1
460 559 1
460 580 1
460 647 1
460 648 1
460 672 1
460 677 1
461 471 1
461 472 1
461 482 1
461 497 1
461 501 1
461 532 1
461 536 1
461 561 1
461 576 1
461 582 1
461 635 1
461 660 1
461 667 1
462 472 1
462 572 1
463 536 1
463 587 1
463 590 1
463 825 1
464 472 1
464 487 1
464 536 1
464 539 1
464 930 1
464 1023 1
465 471 1
465 478 1
465 501 1
465 506 1
465 536 1
465 569 1
465 573 1
465 580 1
465 672 1
466 659 1
466 672 1
467 486 1
467 532 1
468 505 1
468 572 1
468 816 1
469 499 1
469 536 1
470 494 1
470 523 1
470 819 1
470 974 1
471 500 1
471 503 1
471 536 1
471 559 1
471 647 1
471 721 1
471 963 1
471 974 1
471 982 1
472 491 1
472 530 1
472 544 1
472 580 1
472 844 1
472 864 1
473 536 1
473 557 1
473 561 1
473 578 1
473 653 1
473 677 1
473 789 1
473 931 1
474 491 1
474 539 1
474 575 1
474 789 1
474 864 1
475 579 1
475 591 1
475 668 1
475 746 1
475 783 1
475 788 1
476 519 1
476 523 1
476 536 1
476 558 1
476 559 1
476 573 1
477 523 1
477 682 1
478 481 1
478 500 1
478 504 1
478 521 1
478 536 1
478 647 1
478 988 1
479 487 1
479 519 1
479 536 1
479 555 1
479 585 1
479 819 1
479 1013 1
480 507 1
480 984 1
481 536 1
481 647 1
481 672 1
482 536 1
482 551 1
482 570 1
482 577 1
482 582 1
482 666 1
482 730 1
483 532 1
483 536 1
483 566 1
484 989 1
485 789 1
485 1011 1
486 536 1
486 589 1
487 532 1
487 1013 1
488 789 1
488 800 1
489 842 1
490 522 1
491 515 1
492 516 1
492 524 1
492 525 1
492 536 1
492 574 1
493 497 1
493 536 1
493 579 1
493 647 1
493 665 1
493 746 1
493 789 1
493 847 1
493 991 1
493 1002 1
493 1003 1
494 536 1
494 558 1
494 650 1
494 667 1
494 926 1
494 988 1
495 677 1
496 536 1
496 790 1
496 940 1
497 536 1
497 551 1
497 570 1
498 555 1
499 536 1
500 536 1
500 650 1
500 988 1
501 536 1
502 789 1
502 797 1
502 991 1
503 536 1
504 521 1
504 825 1
505 572 1
506 536 1
506 561 1
506 672 1
507 528 1
507 550 1
507 575 1
507 594 1
507 727 1
507 956 1
507 987 1
507 1023 1
508 554 1
508 728 1
508 787 1
509 554 1
509 575 1
509 579 1
509 726 1
510 721 1
511 536 1
512 536 1
512 561 1
513 582 1
513 655 1
513 671 1
514 536 1
515 540 1
515 586 1
516 536 1
516 557 1
516 561 1
516 578 1
516 789 1
516 863 1
516 940 1
517 523 1
517 535 1
517 537 1
517 563 1
517 565 1
517 583 1
517 996 1
517 999 1
518 666 1
518 991 1
519 536 1
519 573 1
519 593 1
520 820 1
521 536 1
521 789 1
521 965 1
522 574 1
522 652 1
522 726 1
523 536 1
523 667 1
523 682 1
523 746 1
523 847 1
523 905 1
524 536 1
524 722 1
525 536 1
525 722 1
525 863 1
526 820 1
527 536 1
527 963 1
528 534 1
528 825 1
529 534 1
529 553 1
529 567 1
529 580 1
529 864 1
530 534 1
530 543 1
530 546 1
530 653 1
530 746 1
530 857 1
530 864 1
531 587 1
532 653 1
533 555 1
533 567 1
533 822 1
533 823 1
534 825 1
535 1008 1
536 541 1
536 551 1
536 666 1
536 668 1
536 682 1
536 746 1
536 844 1
536 847 1
536 974 1
537 576 1
537 583 1
537 584 1
537 997 1
537 999 1
537 1000 1
538 568 1
538 585 1
538 919 1
539 680 1
540 586 1
540 728 1
541 570 1
541 581 1
541 582 1
541 677 1
541 844 1
541 1019 1
542 566 1
542 655 1
542 671 1
543 575 1
543 746 1
543 789 1
544 574 1
545 583 1
545 746 1
546 746 1
547 568 1
548 677 1
549 571 1
549 574 1
549 828 1
549 844 1
549 847 1
549 1002 1
550 574 1
550 1002 1
551 570 1
551 577 1
551 582 1
551 584 1
551 587 1
551 590 1
551 666 1
551 722 1
552 791 1
553 864 1
554 746 1
554 842 1
554 847 1
555 568 1
555 585 1
555 826 1
556 687 1
557 561 1
557 578 1
557 593 1
557 666 1
558 974 1
558 988 1
559 580 1
559 672 1
559 677 1
559 987 1
559 991 1
560 844 1
560 972 1
561 577 1
561 588 1
561 666 1
561 673 1
561 680 1
561 682 1
561 745 1
561 746 1
561 843 1
561 844 1
561 847 1
561 931 1
561 977 1
561 988 1
561 1016 1
562 978 1
563 583 1
563 999 1
564 978 1
565 996 1
566 672 1
566 988 1
566 991 1
567 568 1
567 585 1
568 585 1
568 826 1
568 1024 1
569 666 1
569 991 1
570 587 1
570 590 1
570 666 1
570 722 1
571 894 1
571 919 1
572 864 1
573 666 1
573 729 1
574 591 1
574 726 1
575 746 1
575 847 1
576 584 1
576 667 1
577 666 1
577 673 1
578 593 1
578 672 1
579 746 1
579 844 1
580 666 1
580 673 1
580 677 1
580 725 1
580 987 1
580 991 1
581 666 1
582 584 1
582 592 1
582 666 1
582 671 1
582 673 1
582 687 1
583 668 1
583 999 1
583 1000 1
584 667 1
584 681 1
585 827 1
586 822 1
586 825 1
587 590 1
588 682 1
589 730 1
590 987 1
591 668 1
592 687 1
593 666 1
594 965 1
