1 333 1
1 808 1
1 826 1
2 333 1
2 1208 1
3 661 1
4 493 1
4 551 1
4 553 1
4 691 1
4 724 1
4 1054 1
4 1252 1
5 40 1
5 403 1
5 424 1
6 29 1
6 106 1
6 152 1
6 555 1
6 582 1
6 589 1
6 712 1
6 814 1
6 1034 1
6 1083 1
6 1213 1
7 64 1
8 142 1
8 146 1
9 488 1
10 466 1
10 1251 1
11 239 1
12 95 1
12 268 1
12 271 1
12 285 1
12 291 1
12 413 1
12 491 1
12 568 1
12 647 1
12 648 1
12 706 1
12 817 1
12 906 1
12 1051 1
12 1055 1
12 1177 1
13 968 1
13 1023 1
14 229 1
14 335 1
14 344 1
14 536 1
14 636 1
14 816 1
14 837 1
14 909 1
14 912 1
14 919 1
14 930 1
14 1070 1
14 1164 1
14 1212 1
15 179 1
15 207 1
15 502 1
15 655 1
15 661 1
15 770 1
16 1228 1
17 1262 1
18 642 1
19 518 1
20 1232 1
21 466 1
21 605 1
21 1019 1
21 1132 1
22 744 1
22 1120 1
23 997 1
24 448 1
25 213 1
26 66 1
27 80 1
27 244 1
27 432 1
27 591 1
27 767 1
27 1048 1
28 200 1
29 106 1
29 152 1
29 555 1
29 582 1
29 589 1
29 712 1
29 814 1
29 1034 1
29 1083 1
29 1213 1
30 988 1
31 192 1
31 267 1
31 284 1
31 329 1
31 348 1
31 430 1
31 515 1
31 604 1
31 656 1
31 687 1
31 1193 1
31 1219 1
32 1228 1
33 945 1
34 135 1
34 1028 1
35 629 1
36 71 1
36 98 1
36 209 1
36 512 1
36 751 1
36 772 1
36 838 1
36 944 1
36 955 1
37 42 1
37 66 1
37 68 1
37 85 1
37 127 1
37 135 1
37 174 1
37 180 1
37 183 1
37 193 1
37 213 1
37 286 1
37 442 1
37 444 1
37 453 1
37 465 1
37 820 1
37 872 1
37 883 1
37 928 1
37 945 1
37 997 1
37 1033 1
37 1117 1
37 1146 1
37 1153 1
37 1169 1
37 1176 1
37 1186 1
38 383 1
38 825 1
39 448 1
40 116 1
40 403 1
41 127 1
43 441 1
44 50 1
44 776 1
44 862 1
45 494 1
45 820 1
46 135 1
46 644 1
46 760 1
46 778 1
46 840 1
46 871 1
46 1062 1
47 956 1
47 1042 1
48 97 1
48 130 1
48 308 1
48 583 1
48 599 1
48 773 1
48 963 1
48 973 1
48 991 1
48 1118 1
49 124 1
49 403 1
49 576 1
49 1090 1
49 1111 1
51 239 1
52 1228 1
53 261 1
53 327 1
53 474 1
53 624 1
53 764 1
53 1041 1
53 1089 1
54 89 1
55 73 1
55 222 1
55 315 1
55 384 1
55 754 1
55 856 1
55 873 1
55 921 1
55 941 1
55 1089 1
56 170 1
56 277 1
56 294 1
56 296 1
56 309 1
56 482 1
56 590 1
56 620 1
56 949 1
57 66 1
58 191 1
58 505 1
59 302 1
60 269 1
60 460 1
61 176 1
61 214 1
61 316 1
61 321 1
61 323 1
61 340 1
61 351 1
61 644 1
61 741 1
61 961 1
62 115 1
62 744 1
62 1120 1
63 951 1
63 967 1
63 1154 1
64 140 1
64 276 1
64 420 1
64 653 1
64 659 1
64 783 1
64 918 1
65 242 1
65 798 1
66 88 1
66 90 1
66 91 1
66 113 1
66 120 1
66 123 1
66 125 1
66 133 1
66 165 1
66 193 1
66 236 1
66 289 1
66 300 1
66 328 1
66 353 1
66 369 1
66 373 1
66 382 1
66 393 1
66 397 1
66 438 1
66 441 1
66 448 1
66 449 1
66 466 1
66 476 1
66 518 1
66 543 1
66 563 1
66 631 1
66 638 1
66 640 1
66 649 1
66 684 1
66 716 1
66 722 1
66 735 1
66 762 1
66 771 1
66 786 1
66 806 1
66 868 1
66 939 1
66 977 1
66 978 1
66 1077 1
66 1103 1
66 1144 1
66 1198 1
66 1202 1
66 1218 1
66 1222 1
66 1239 1
66 1253 1
66 1262 1
66 1281 1
67 150 1
67 493 1
67 501 1
67 548 1
67 550 1
67 572 1
67 626 1
67 639 1
67 936 1
67 1110 1
67 1214 1
67 1275 1
67 1298 1
68 162 1
68 193 1
68 728 1
68 1153 1
69 1015 1
70 967 1
71 98 1
71 209 1
71 512 1
71 751 1
71 772 1
71 838 1
71 944 1
71 955 1
72 108 1
72 607 1
73 222 1
73 315 1
73 384 1
73 754 1
73 856 1
73 921 1
73 941 1
73 1089 1
74 283 1
75 945 1
76 1015 1
77 904 1
77 1259 1
78 466 1
78 1021 1
79 259 1
79 472 1
79 634 1
79 729 1
79 984 1
79 1174 1
80 244 1
80 432 1
80 591 1
80 767 1
80 1048 1
81 735 1
81 1014 1
82 138 1
82 167 1
82 211 1
82 593 1
82 823 1
82 849 1
82 948 1
82 1062 1
83 375 1
83 459 1
83 1231 1
84 208 1
85 854 1
86 146 1
87 518 1
89 349 1
89 525 1
89 637 1
89 790 1
89 1158 1
92 135 1
92 1143 1
93 177 1
93 246 1
93 1138 1
93 1287 1
94 131 1
94 194 1
94 231 1
94 347 1
94 352 1
94 532 1
94 777 1
94 1067 1
94 1095 1
95 268 1
95 271 1
95 285 1
95 291 1
95 413 1
95 491 1
95 568 1
95 647 1
95 648 1
95 706 1
95 817 1
95 906 1
95 1051 1
95 1055 1
95 1177 1
96 245 1
96 842 1
96 1106 1
97 130 1
97 206 1
97 538 1
97 599 1
98 209 1
98 512 1
98 751 1
98 772 1
98 838 1
98 944 1
98 955 1
99 584 1
100 101 1
100 281 1
100 760 1
100 924 1
100 981 1
100 1097 1
101 281 1
101 760 1
101 924 1
101 981 1
102 183 1
103 466 1
104 1296 1
105 135 1
105 288 1
105 558 1
105 678 1
106 152 1
106 555 1
106 582 1
106 589 1
106 712 1
106 814 1
106 1034 1
106 1083 1
106 1213 1
107 215 1
107 396 1
107 759 1
107 1105 1
108 607 1
109 466 1
109 718 1
110 518 1
111 797 1
112 154 1
112 354 1
112 744 1
112 765 1
112 1015 1
112 1018 1
112 1040 1
112 1091 1
112 1120 1
112 1181 1
113 611 1
113 1273 1
114 318 1
115 1120 1
117 254 1
118 144 1
118 810 1
118 871 1
118 903 1
118 971 1
118 1074 1
119 213 1
120 403 1
121 315 1
121 1049 1
121 1147 1
122 699 1
122 1296 1
123 800 1
123 870 1
123 1233 1
124 231 1
125 198 1
125 889 1
125 1028 1
126 1028 1
127 183 1
127 193 1
127 375 1
128 245 1
128 991 1
128 1106 1
129 959 1
130 599 1
131 194 1
131 231 1
131 347 1
131 352 1
131 532 1
131 777 1
131 1067 1
131 1095 1
132 245 1
132 895 1
132 1106 1
134 620 1
135 181 1
135 193 1
135 341 1
135 362 1
135 411 1
135 420 1
135 440 1
135 481 1
135 486 1
135 488 1
135 492 1
135 588 1
135 644 1
135 659 1
135 662 1
135 678 1
135 710 1
135 760 1
135 783 1
135 840 1
135 871 1
135 914 1
135 918 1
135 923 1
135 937 1
135 960 1
135 1015 1
135 1062 1
135 1212 1
135 1224 1
135 1260 1
135 1295 1
136 191 1
136 423 1
136 1288 1
137 518 1
137 1274 1
138 167 1
138 211 1
138 593 1
138 823 1
138 849 1
138 948 1
138 1062 1
139 1124 1
141 573 1
143 160 1
143 216 1
143 318 1
143 523 1
143 657 1
143 680 1
143 785 1
143 892 1
143 989 1
143 1266 1
144 614 1
144 679 1
144 810 1
144 871 1
144 903 1
144 971 1
144 1074 1
145 1137 1
146 224 1
146 299 1
146 339 1
146 410 1
146 616 1
146 689 1
146 809 1
146 872 1
146 887 1
146 913 1
146 1007 1
146 1173 1
147 560 1
148 441 1
149 203 1
149 371 1
149 394 1
149 428 1
149 594 1
149 667 1
149 728 1
149 843 1
149 900 1
149 987 1
149 1107 1
149 1130 1
149 1199 1
149 1234 1
150 171 1
150 493 1
150 501 1
150 626 1
150 639 1
150 936 1
150 1026 1
151 441 1
152 555 1
152 582 1
152 589 1
152 712 1
152 814 1
152 1034 1
152 1083 1
152 1213 1
153 688 1
153 801 1
153 938 1
153 965 1
153 1102 1
153 1237 1
155 161 1
155 343 1
155 744 1
156 200 1
157 1262 1
158 1296 1
159 493 1
160 216 1
160 318 1
160 523 1
160 680 1
160 785 1
160 872 1
160 892 1
160 989 1
160 1065 1
160 1266 1
161 343 1
161 629 1
161 744 1
162 193 1
163 1076 1
164 175 1
164 238 1
166 183 1
166 237 1
167 211 1
167 593 1
167 823 1
167 849 1
167 948 1
167 1062 1
168 466 1
169 245 1
169 1106 1
171 501 1
171 626 1
171 1228 1
172 717 1
173 560 1
174 721 1
175 359 1
175 399 1
175 437 1
175 698 1
175 953 1
175 1068 1
175 1155 1
176 214 1
176 316 1
176 321 1
176 323 1
176 340 1
176 351 1
176 644 1
176 741 1
176 961 1
177 246 1
177 1138 1
177 1287 1
178 602 1
178 851 1
179 207 1
179 502 1
179 661 1
179 770 1
180 193 1
180 267 1
180 269 1
180 356 1
180 377 1
180 645 1
180 709 1
180 1276 1
181 1028 1
182 556 1
182 666 1
182 1124 1
183 456 1
183 592 1
183 739 1
183 994 1
183 1200 1
183 1207 1
184 1023 1
185 573 1
186 840 1
187 303 1
187 466 1
187 613 1
188 1228 1
189 623 1
189 1190 1
190 988 1
191 311 1
191 366 1
191 423 1
191 503 1
191 505 1
191 526 1
191 535 1
191 587 1
191 601 1
191 768 1
191 812 1
191 830 1
191 1060 1
191 1113 1
192 267 1
192 348 1
192 495 1
192 604 1
192 656 1
192 687 1
192 738 1
192 796 1
192 1182 1
192 1193 1
192 1219 1
193 628 1
193 672 1
193 709 1
193 820 1
193 872 1
193 883 1
193 928 1
193 945 1
193 997 1
193 1033 1
193 1153 1
193 1169 1
194 231 1
194 347 1
194 352 1
194 532 1
194 777 1
194 1067 1
194 1095 1
195 988 1
196 518 1
196 985 1
196 998 1
197 755 1
197 807 1
197 999 1
197 1002 1
198 1028 1
199 245 1
200 715 1
200 920 1
201 759 1
202 333 1
202 697 1
203 371 1
203 394 1
203 428 1
203 594 1
203 667 1
203 728 1
203 843 1
203 900 1
203 987 1
203 1107 1
203 1130 1
203 1199 1
203 1234 1
204 307 1
204 375 1
204 529 1
205 655 1
205 1175 1
207 502 1
207 661 1
207 770 1
208 260 1
208 293 1
208 313 1
208 406 1
208 468 1
208 514 1
208 578 1
208 970 1
208 1023 1
208 1039 1
208 1183 1
208 1240 1
209 512 1
209 751 1
209 772 1
209 838 1
209 944 1
209 955 1
210 1015 1
211 593 1
211 823 1
211 849 1
211 948 1
211 1062 1
212 501 1
213 225 1
213 867 1
213 874 1
213 893 1
213 1217 1
214 316 1
214 321 1
214 323 1
214 340 1
214 351 1
214 644 1
214 741 1
214 961 1
215 396 1
215 759 1
216 318 1
216 523 1
216 680 1
216 785 1
216 892 1
216 989 1
216 1266 1
217 639 1
217 1228 1
218 573 1
219 239 1
219 518 1
219 756 1
220 1254 1
221 797 1
221 1242 1
222 315 1
222 384 1
222 754 1
222 856 1
222 921 1
222 941 1
222 1089 1
223 717 1
225 867 1
225 874 1
225 893 1
226 541 1
226 797 1
226 1116 1
227 245 1
227 925 1
227 1106 1
228 1042 1
228 1179 1
229 335 1
229 344 1
229 536 1
229 636 1
229 816 1
229 837 1
229 909 1
229 912 1
229 919 1
229 930 1
229 1070 1
229 1164 1
229 1212 1
230 383 1
230 671 1
230 1043 1
230 1294 1
231 347 1
231 352 1
231 403 1
231 532 1
231 777 1
231 828 1
231 1030 1
231 1067 1
231 1095 1
232 285 1
233 493 1
234 282 1
234 409 1
234 412 1
234 431 1
234 575 1
234 608 1
234 708 1
234 982 1
234 1047 1
234 1058 1
234 1084 1
234 1098 1
234 1172 1
234 1223 1
234 1293 1
235 270 1
235 415 1
235 1001 1
235 1159 1
237 1105 1
238 365 1
238 748 1
238 1155 1
239 383 1
239 1011 1
239 1099 1
240 493 1
240 508 1
240 511 1
240 723 1
240 1185 1
240 1186 1
241 345 1
241 434 1
242 798 1
243 466 1
244 432 1
244 591 1
244 767 1
244 1048 1
245 336 1
245 363 1
245 414 1
245 464 1
245 496 1
245 508 1
245 510 1
245 511 1
245 528 1
245 539 1
245 584 1
245 586 1
245 603 1
245 610 1
245 615 1
245 621 1
245 658 1
245 699 1
245 731 1
245 745 1
245 776 1
245 779 1
245 811 1
245 815 1
245 819 1
245 831 1
245 836 1
245 964 1
245 1001 1
245 1005 1
245 1012 1
245 1036 1
245 1052 1
245 1064 1
245 1106 1
245 1126 1
245 1186 1
245 1188 1
245 1197 1
245 1268 1
245 1296 1
246 988 1
246 1138 1
246 1287 1
247 560 1
248 1143 1
249 518 1
250 800 1
250 1075 1
250 1171 1
251 466 1
252 1033 1
253 298 1
253 564 1
253 690 1
253 804 1
253 894 1
253 916 1
253 962 1
253 1014 1
253 1038 1
253 1156 1
254 573 1
254 582 1
254 618 1
254 714 1
254 986 1
254 1186 1
255 1262 1
256 384 1
256 787 1
256 941 1
257 375 1
257 443 1
257 455 1
258 285 1
258 1051 1
258 1055 1
259 472 1
259 729 1
259 984 1
259 1174 1
261 327 1
261 474 1
261 624 1
261 764 1
261 1041 1
261 1089 1
262 914 1
263 314 1
264 285 1
264 1051 1
264 1055 1
265 341 1
266 623 1
267 329 1
267 348 1
267 515 1
267 604 1
267 687 1
267 784 1
267 795 1
267 865 1
267 1167 1
267 1193 1
267 1219 1
267 1238 1
268 271 1
268 285 1
268 413 1
268 491 1
268 568 1
268 647 1
268 648 1
268 706 1
268 817 1
268 906 1
268 1051 1
268 1055 1
268 1177 1
269 460 1
269 1024 1
270 415 1
270 1001 1
271 285 1
271 413 1
271 491 1
271 568 1
271 647 1
271 648 1
271 706 1
271 817 1
271 906 1
271 1051 1
271 1055 1
271 1177 1
272 1117 1
273 759 1
274 1210 1
275 761 1
278 563 1
279 829 1
279 872 1
279 908 1
280 967 1
281 760 1
281 924 1
281 981 1
282 409 1
282 412 1
282 431 1
282 575 1
282 608 1
282 708 1
282 982 1
282 1047 1
282 1058 1
282 1084 1
282 1098 1
282 1172 1
282 1223 1
282 1293 1
283 733 1
283 920 1
284 329 1
284 515 1
285 291 1
285 361 1
285 413 1
285 473 1
285 491 1
285 568 1
285 647 1
285 648 1
285 650 1
285 706 1
285 817 1
285 906 1
285 1051 1
285 1055 1
285 1170 1
285 1177 1
285 1191 1
285 1236 1
286 1117 1
287 1205 1
289 480 1
289 530 1
289 1081 1
290 1205 1
291 568 1
291 648 1
291 817 1
291 869 1
291 1003 1
291 1236 1
292 1023 1
293 544 1
295 759 1
297 518 1
298 564 1
298 690 1
298 804 1
298 894 1
298 916 1
298 962 1
298 1014 1
298 1038 1
298 1156 1
300 835 1
301 1180 1
302 600 1
302 632 1
302 883 1
303 466 1
304 744 1
305 1042 1
305 1046 1
305 1255 1
306 623 1
307 375 1
307 622 1
310 1117 1
311 1113 1
312 319 1
313 578 1
313 1178 1
314 324 1
314 463 1
314 872 1
314 1257 1
315 384 1
315 754 1
315 856 1
315 921 1
315 941 1
315 1049 1
315 1089 1
315 1147 1
316 321 1
316 323 1
316 340 1
316 351 1
316 644 1
316 741 1
316 961 1
317 417 1
317 730 1
317 775 1
317 1201 1
318 523 1
318 680 1
318 785 1
318 892 1
318 989 1
318 1189 1
318 1266 1
318 1271 1
319 439 1
319 497 1
319 537 1
319 556 1
319 666 1
319 677 1
319 872 1
319 967 1
319 1124 1
319 1209 1
319 1248 1
320 478 1
320 585 1
320 646 1
321 323 1
321 340 1
321 351 1
321 644 1
321 741 1
321 961 1
322 1262 1
323 340 1
323 351 1
323 644 1
323 741 1
323 961 1
325 797 1
325 1247 1
326 466 1
327 474 1
327 624 1
327 764 1
327 1041 1
327 1089 1
329 604 1
330 872 1
331 859 1
331 1123 1
332 988 1
333 358 1
333 452 1
333 686 1
333 756 1
333 985 1
334 383 1
334 1208 1
335 344 1
335 536 1
335 636 1
335 816 1
335 837 1
335 909 1
335 912 1
335 919 1
335 930 1
335 1070 1
335 1164 1
335 1212 1
336 1106 1
337 623 1
338 448 1
340 351 1
340 644 1
340 741 1
340 961 1
342 766 1
342 1050 1
342 1078 1
342 1210 1
343 629 1
344 536 1
344 636 1
344 816 1
344 837 1
344 909 1
344 912 1
344 919 1
344 930 1
344 1070 1
344 1164 1
344 1212 1
345 434 1
345 450 1
345 458 1
345 478 1
345 485 1
345 627 1
345 654 1
345 681 1
345 763 1
345 770 1
345 848 1
345 850 1
345 870 1
345 898 1
345 922 1
345 965 1
345 990 1
345 1002 1
345 1258 1
345 1282 1
346 744 1
346 1120 1
347 352 1
347 532 1
347 777 1
347 1067 1
347 1095 1
348 495 1
348 604 1
348 656 1
348 687 1
348 738 1
348 796 1
348 1182 1
348 1193 1
348 1219 1
350 629 1
351 644 1
351 741 1
351 961 1
352 532 1
352 777 1
352 1067 1
352 1095 1
355 441 1
356 709 1
356 776 1
357 759 1
358 752 1
358 950 1
358 1043 1
359 399 1
359 437 1
359 698 1
359 953 1
359 1068 1
359 1169 1
360 518 1
362 486 1
363 1106 1
364 518 1
364 888 1
367 393 1
368 872 1
370 838 1
370 972 1
371 394 1
371 428 1
371 594 1
371 667 1
371 728 1
371 843 1
371 900 1
371 987 1
371 1107 1
371 1130 1
371 1199 1
371 1234 1
372 607 1
374 629 1
375 443 1
375 455 1
375 459 1
375 529 1
375 561 1
375 622 1
375 669 1
375 682 1
375 703 1
375 818 1
375 827 1
375 834 1
375 905 1
375 907 1
375 976 1
375 1093 1
375 1114 1
375 1127 1
375 1136 1
375 1231 1
375 1261 1
375 1270 1
376 493 1
378 786 1
379 617 1
379 851 1
380 400 1
380 457 1
380 983 1
381 573 1
383 757 1
383 891 1
383 998 1
383 1137 1
383 1168 1
384 403 1
384 576 1
384 754 1
384 787 1
384 856 1
384 921 1
384 941 1
384 1089 1
385 1254 1
386 441 1
387 705 1
388 518 1
389 1257 1
390 872 1
391 560 1
392 466 1
393 509 1
393 683 1
393 1233 1
393 1272 1
393 1278 1
393 1291 1
394 428 1
394 594 1
394 667 1
394 728 1
394 843 1
394 900 1
394 987 1
394 1107 1
394 1130 1
394 1199 1
394 1234 1
395 573 1
396 759 1
397 709 1
398 1117 1
399 437 1
399 698 1
399 953 1
399 1068 1
400 457 1
400 504 1
400 554 1
400 567 1
400 580 1
400 620 1
400 983 1
400 1128 1
400 1184 1
401 430 1
402 518 1
403 424 1
403 690 1
403 838 1
403 1033 1
404 466 1
405 872 1
406 970 1
407 883 1
408 1028 1
409 412 1
409 431 1
409 575 1
409 608 1
409 708 1
409 982 1
409 1047 1
409 1058 1
409 1084 1
409 1098 1
409 1172 1
409 1223 1
409 1293 1
412 431 1
412 575 1
412 608 1
412 708 1
412 982 1
412 1047 1
412 1058 1
412 1084 1
412 1098 1
412 1172 1
412 1223 1
412 1293 1
413 491 1
413 568 1
413 647 1
413 648 1
413 706 1
413 817 1
413 906 1
413 1051 1
413 1055 1
413 1177 1
414 510 1
414 528 1
414 539 1
414 584 1
414 610 1
414 699 1
414 745 1
414 779 1
414 831 1
414 1005 1
414 1012 1
414 1036 1
414 1106 1
414 1126 1
414 1186 1
414 1188 1
414 1197 1
414 1296 1
415 1001 1
416 639 1
417 730 1
417 775 1
417 1008 1
417 1201 1
417 1235 1
418 477 1
418 541 1
418 797 1
418 1079 1
418 1116 1
418 1151 1
419 728 1
420 659 1
420 783 1
420 918 1
421 491 1
422 879 1
422 897 1
422 1169 1
425 872 1
426 797 1
426 1131 1
426 1187 1
427 851 1
428 594 1
428 667 1
428 728 1
428 843 1
428 900 1
428 987 1
428 1107 1
428 1130 1
428 1199 1
428 1234 1
429 1242 1
430 498 1
430 515 1
430 604 1
430 656 1
430 713 1
430 1220 1
431 575 1
431 608 1
431 708 1
431 982 1
431 1047 1
431 1058 1
431 1084 1
431 1098 1
431 1172 1
431 1223 1
431 1293 1
432 470 1
432 591 1
432 767 1
432 1048 1
433 534 1
434 458 1
434 634 1
434 770 1
434 833 1
434 940 1
434 965 1
434 1002 1
434 1088 1
434 1146 1
434 1216 1
434 1282 1
435 705 1
436 466 1
437 521 1
437 698 1
437 953 1
437 1068 1
440 1028 1
441 540 1
441 549 1
441 743 1
441 802 1
441 934 1
441 957 1
441 978 1
441 1204 1
441 1206 1
442 1169 1
443 834 1
444 928 1
445 1137 1
446 1017 1
446 1106 1
446 1197 1
447 959 1
448 543 1
448 595 1
448 1160 1
448 1221 1
448 1290 1
450 485 1
450 492 1
451 466 1
451 613 1
452 1194 1
453 1023 1
454 785 1
454 892 1
455 818 1
458 1088 1
460 1024 1
461 513 1
462 629 1
464 610 1
464 1005 1
464 1012 1
464 1106 1
464 1197 1
465 568 1
465 711 1
465 1056 1
466 487 1
466 490 1
466 562 1
466 605 1
466 613 1
466 665 1
466 695 1
466 718 1
466 719 1
466 720 1
466 769 1
466 803 1
466 844 1
466 861 1
466 974 1
466 997 1
466 1004 1
466 1010 1
466 1019 1
466 1021 1
466 1119 1
466 1122 1
466 1132 1
466 1133 1
466 1149 1
466 1241 1
466 1251 1
466 1279 1
467 997 1
469 723 1
471 1153 1
471 1176 1
472 729 1
472 984 1
472 1174 1
473 1170 1
474 624 1
474 764 1
474 1041 1
474 1089 1
475 518 1
477 541 1
477 797 1
477 1079 1
477 1116 1
477 1151 1
478 585 1
478 646 1
479 520 1
479 1254 1
480 530 1
480 1081 1
483 872 1
484 623 1
484 781 1
489 573 1
491 568 1
491 647 1
491 648 1
491 706 1
491 817 1
491 906 1
491 1051 1
491 1055 1
491 1177 1
492 675 1
493 501 1
493 626 1
493 635 1
493 639 1
493 664 1
493 711 1
493 854 1
493 927 1
493 936 1
493 1000 1
493 1026 1
493 1037 1
493 1082 1
495 687 1
495 738 1
495 796 1
495 1182 1
497 1063 1
497 1209 1
499 573 1
500 1186 1
501 626 1
501 639 1
501 758 1
501 936 1
501 1096 1
501 1229 1
501 1285 1
502 661 1
502 770 1
503 1288 1
504 1184 1
506 790 1
506 920 1
507 894 1
508 1106 1
510 528 1
510 539 1
510 584 1
510 610 1
510 699 1
510 745 1
510 779 1
510 831 1
510 1005 1
510 1012 1
510 1036 1
510 1106 1
510 1126 1
510 1186 1
510 1197 1
510 1296 1
511 1106 1
512 751 1
512 772 1
512 838 1
512 944 1
512 955 1
513 1180 1
515 604 1
515 656 1
515 713 1
515 1219 1
516 761 1
516 872 1
517 678 1
518 577 1
518 697 1
518 740 1
518 825 1
518 826 1
518 888 1
518 1043 1
518 1192 1
518 1194 1
518 1208 1
518 1274 1
519 918 1
519 1228 1
521 698 1
521 1068 1
522 1123 1
523 680 1
523 785 1
523 892 1
523 989 1
523 1266 1
524 573 1
527 1179 1
528 539 1
528 584 1
528 610 1
528 699 1
528 745 1
528 779 1
528 831 1
528 1005 1
528 1012 1
528 1036 1
528 1106 1
528 1186 1
528 1197 1
528 1296 1
529 976 1
530 1081 1
531 1228 1
532 777 1
532 1067 1
532 1095 1
533 573 1
534 872 1
534 1066 1
534 1243 1
535 1288 1
536 636 1
536 816 1
536 837 1
536 909 1
536 912 1
536 919 1
536 930 1
536 1070 1
536 1164 1
536 1212 1
539 584 1
539 610 1
539 663 1
539 699 1
539 745 1
539 779 1
539 831 1
539 1005 1
539 1012 1
539 1036 1
539 1106 1
539 1126 1
539 1186 1
539 1197 1
539 1296 1
541 797 1
541 1079 1
541 1116 1
541 1151 1
541 1269 1
542 670 1
542 1139 1
542 1143 1
545 1017 1
546 1123 1
547 959 1
552 1117 1
554 567 1
554 1184 1
555 582 1
555 589 1
555 712 1
555 814 1
555 1034 1
555 1083 1
555 1213 1
556 666 1
556 1124 1
557 772 1
558 678 1
559 959 1
560 707 1
560 716 1
560 726 1
561 976 1
561 1261 1
562 974 1
563 574 1
563 799 1
563 824 1
563 901 1
563 917 1
563 1027 1
564 690 1
564 804 1
564 894 1
564 916 1
564 962 1
564 1014 1
564 1038 1
564 1156 1
565 779 1
565 1036 1
565 1126 1
566 1262 1
568 647 1
568 648 1
568 706 1
568 817 1
568 906 1
568 1051 1
568 1055 1
568 1177 1
568 1186 1
569 620 1
570 699 1
571 797 1
571 1247 1
573 701 1
573 813 1
573 851 1
573 966 1
573 1157 1
573 1235 1
573 1277 1
575 608 1
575 708 1
575 982 1
575 1047 1
575 1058 1
575 1084 1
575 1098 1
575 1172 1
575 1223 1
575 1293 1
577 996 1
577 1168 1
578 793 1
579 1028 1
580 1128 1
581 959 1
582 589 1
582 712 1
582 814 1
582 1034 1
582 1083 1
582 1213 1
584 610 1
584 615 1
584 699 1
584 745 1
584 779 1
584 831 1
584 1005 1
584 1012 1
584 1036 1
584 1100 1
584 1106 1
584 1126 1
584 1186 1
584 1197 1
584 1296 1
585 646 1
589 712 1
589 814 1
589 1034 1
589 1083 1
589 1213 1
591 767 1
591 1048 1
593 823 1
593 849 1
593 948 1
593 1062 1
594 667 1
594 728 1
594 843 1
594 900 1
594 987 1
594 1107 1
594 1130 1
594 1199 1
594 1234 1
596 610 1
596 1036 1
596 1106 1
596 1197 1
597 1166 1
598 988 1
601 768 1
601 1288 1
602 851 1
603 1106 1
604 656 1
604 687 1
604 713 1
604 738 1
604 796 1
604 1193 1
604 1219 1
606 709 1
607 699 1
608 708 1
608 982 1
608 1047 1
608 1058 1
608 1084 1
608 1098 1
608 1172 1
608 1223 1
608 1293 1
609 757 1
610 621 1
610 663 1
610 699 1
610 745 1
610 779 1
610 831 1
610 1005 1
610 1012 1
610 1036 1
610 1106 1
610 1126 1
610 1186 1
610 1197 1
610 1296 1
611 1044 1
611 1273 1
612 840 1
619 845 1
620 642 1
620 767 1
621 1106 1
622 1093 1
623 705 1
623 781 1
623 886 1
623 910 1
623 1029 1
623 1190 1
623 1245 1
624 764 1
624 1041 1
624 1089 1
625 967 1
626 639 1
626 791 1
626 936 1
629 643 1
629 744 1
629 1022 1
629 1120 1
629 1134 1
630 1296 1
631 1028 1
633 747 1
633 1106 1
634 661 1
634 755 1
634 770 1
634 898 1
634 965 1
634 1002 1
634 1282 1
636 816 1
636 837 1
636 909 1
636 912 1
636 919 1
636 930 1
636 1070 1
636 1164 1
636 1212 1
639 696 1
639 936 1
641 1028 1
643 744 1
644 741 1
644 760 1
644 840 1
644 871 1
644 961 1
644 1062 1
645 692 1
647 648 1
647 706 1
647 817 1
647 906 1
647 1051 1
647 1055 1
647 1177 1
648 706 1
648 817 1
648 906 1
648 1051 1
648 1055 1
648 1177 1
651 717 1
652 872 1
654 1146 1
655 673 1
655 767 1
655 770 1
656 687 1
656 1193 1
656 1219 1
659 783 1
659 918 1
660 690 1
660 1225 1
661 770 1
663 779 1
667 728 1
667 843 1
667 900 1
667 987 1
667 1107 1
667 1130 1
667 1199 1
667 1234 1
668 1166 1
669 907 1
669 1261 1
674 1078 1
674 1210 1
676 988 1
677 1230 1
680 785 1
680 892 1
680 989 1
680 1266 1
682 905 1
682 907 1
685 883 1
686 825 1
687 738 1
687 796 1
687 1182 1
687 1193 1
687 1219 1
688 801 1
688 938 1
688 965 1
688 1237 1
690 804 1
690 894 1
690 916 1
690 962 1
690 1014 1
690 1038 1
690 1090 1
690 1156 1
690 1225 1
693 1023 1
694 797 1
694 1131 1
697 1137 1
698 953 1
698 1068 1
699 745 1
699 779 1
699 831 1
699 1005 1
699 1012 1
699 1036 1
699 1106 1
699 1126 1
699 1186 1
699 1197 1
699 1296 1
700 1135 1
701 966 1
702 797 1
703 827 1
703 1231 1
704 709 1
705 727 1
705 789 1
705 872 1
705 881 1
705 1057 1
705 1150 1
705 1263 1
706 817 1
706 906 1
706 1051 1
706 1055 1
706 1177 1
708 831 1
708 982 1
708 1005 1
708 1047 1
708 1058 1
708 1084 1
708 1098 1
708 1172 1
708 1186 1
708 1223 1
708 1293 1
709 734 1
709 885 1
709 1260 1
712 814 1
712 1034 1
712 1083 1
712 1213 1
713 1219 1
716 726 1
716 952 1
717 744 1
717 954 1
718 1119 1
721 1282 1
722 806 1
722 942 1
722 1233 1
725 988 1
728 843 1
728 900 1
728 987 1
728 1107 1
728 1130 1
728 1153 1
728 1199 1
728 1212 1
728 1234 1
729 984 1
729 1174 1
730 775 1
730 1008 1
730 1201 1
731 1106 1
732 744 1
732 1120 1
736 831 1
736 1186 1
737 1170 1
738 796 1
738 1182 1
738 1193 1
738 1219 1
741 961 1
742 1123 1
744 988 1
744 1232 1
745 779 1
745 831 1
745 1005 1
745 1012 1
745 1036 1
745 1106 1
745 1126 1
745 1186 1
745 1197 1
745 1296 1
746 959 1
749 759 1
750 1180 1
751 772 1
751 838 1
751 944 1
751 955 1
751 1006 1
753 872 1
754 856 1
754 921 1
754 941 1
754 1089 1
755 807 1
755 999 1
755 1002 1
757 808 1
757 826 1
759 1085 1
759 1115 1
760 840 1
760 871 1
760 924 1
760 981 1
760 1062 1
761 866 1
761 872 1
761 884 1
761 1042 1
763 1146 1
764 1041 1
764 1089 1
766 1078 1
766 1210 1
767 1048 1
767 1072 1
770 870 1
770 965 1
770 1002 1
770 1088 1
770 1146 1
770 1282 1
771 1028 1
772 838 1
772 944 1
772 955 1
774 1020 1
775 1008 1
775 1201 1
776 1106 1
777 1067 1
777 1095 1
779 831 1
779 943 1
779 1005 1
779 1012 1
779 1036 1
779 1106 1
779 1126 1
779 1186 1
779 1197 1
779 1296 1
780 967 1
782 1076 1
783 918 1
785 892 1
785 989 1
785 1256 1
785 1266 1
788 1166 1
790 883 1
790 1076 1
791 1073 1
792 959 1
793 970 1
794 1262 1
796 1182 1
796 1193 1
796 1219 1
797 821 1
797 947 1
797 1013 1
797 1032 1
797 1079 1
797 1112 1
797 1116 1
797 1129 1
797 1131 1
797 1151 1
797 1152 1
797 1187 1
797 1242 1
797 1244 1
797 1267 1
797 1269 1
798 1117 1
799 805 1
800 931 1
800 1075 1
800 1171 1
801 938 1
801 965 1
801 1237 1
804 894 1
804 916 1
804 962 1
804 1014 1
804 1038 1
804 1156 1
805 917 1
807 999 1
807 1002 1
809 882 1
810 871 1
810 903 1
810 971 1
810 1074 1
811 1106 1
811 1196 1
814 1034 1
814 1083 1
814 1213 1
815 946 1
815 1106 1
815 1197 1
816 837 1
816 909 1
816 912 1
816 919 1
816 930 1
816 1070 1
816 1164 1
816 1212 1
817 869 1
817 906 1
817 1051 1
817 1055 1
817 1177 1
820 1166 1
821 1013 1
821 1129 1
821 1151 1
821 1187 1
821 1242 1
821 1244 1
822 967 1
823 849 1
823 948 1
823 1062 1
827 905 1
828 1030 1
831 1005 1
831 1012 1
831 1036 1
831 1106 1
831 1126 1
831 1186 1
831 1197 1
831 1296 1
832 1135 1
833 940 1
833 1216 1
834 1114 1
836 1106 1
837 909 1
837 912 1
837 919 1
837 930 1
837 1070 1
837 1164 1
837 1212 1
838 944 1
838 955 1
838 972 1
838 1111 1
839 1023 1
840 871 1
840 872 1
840 1062 1
840 1142 1
841 1036 1
843 900 1
843 987 1
843 1107 1
843 1130 1
843 1199 1
843 1234 1
845 928 1
845 1104 1
846 969 1
847 876 1
848 929 1
848 1282 1
849 948 1
849 1062 1
852 1023 1
853 1205 1
855 1180 1
856 921 1
856 941 1
856 1089 1
857 967 1
858 1036 1
858 1106 1
858 1197 1
859 1123 1
860 969 1
863 1028 1
864 1166 1
867 874 1
867 893 1
870 1002 1
871 903 1
871 971 1
871 1062 1
871 1074 1
872 980 1
872 995 1
872 1042 1
872 1046 1
872 1161 1
872 1180 1
872 1242 1
872 1247 1
872 1254 1
872 1259 1
872 1280 1
872 1288 1
874 893 1
875 969 1
876 890 1
876 928 1
877 968 1
878 988 1
879 897 1
879 1169 1
880 1288 1
883 958 1
883 969 1
883 975 1
883 1080 1
883 1108 1
883 1121 1
883 1162 1
883 1227 1
889 1028 1
891 1194 1
892 989 1
892 1256 1
892 1266 1
894 916 1
894 962 1
894 1014 1
894 1038 1
894 1156 1
896 1240 1
897 1169 1
898 929 1
898 1071 1
898 1282 1
899 1262 1
900 987 1
900 1107 1
900 1130 1
900 1199 1
900 1234 1
902 967 1
903 971 1
903 1074 1
904 1259 1
906 1051 1
906 1055 1
906 1177 1
909 912 1
909 919 1
909 930 1
909 1070 1
909 1164 1
909 1212 1
911 1023 1
912 919 1
912 930 1
912 1070 1
912 1164 1
912 1212 1
915 1262 1
916 962 1
916 1014 1
916 1038 1
916 1156 1
919 930 1
919 1070 1
919 1164 1
919 1212 1
920 1031 1
921 941 1
921 1089 1
922 1143 1
924 981 1
926 1117 1
928 1020 1
928 1104 1
929 1071 1
929 1282 1
930 1070 1
930 1164 1
930 1212 1
932 1210 1
933 959 1
935 1240 1
938 965 1
938 1237 1
940 1216 1
941 1089 1
942 1233 1
943 1106 1
943 1126 1
944 955 1
947 1242 1
948 1062 1
951 967 1
953 1068 1
959 1016 1
959 1101 1
959 1141 1
959 1165 1
959 1180 1
959 1286 1
962 1014 1
962 1038 1
962 1156 1
965 1002 1
965 1088 1
965 1146 1
965 1237 1
965 1282 1
967 1025 1
967 1154 1
967 1230 1
968 1195 1
969 1109 1
969 1215 1
971 1074 1
977 1028 1
979 1124 1
979 1297 1
982 1047 1
982 1058 1
982 1084 1
982 1098 1
982 1172 1
982 1223 1
982 1293 1
984 1174 1
987 1107 1
987 1130 1
987 1199 1
987 1234 1
988 1120 1
988 1226 1
989 1266 1
990 1282 1
992 1240 1
993 1256 1
997 1061 1
999 1002 1
1001 1106 1
1002 1088 1
1002 1146 1
1002 1282 1
1005 1012 1
1005 1036 1
1005 1106 1
1005 1126 1
1005 1186 1
1005 1197 1
1005 1296 1
1008 1201 1
1009 1166 1
1012 1036 1
1012 1106 1
1012 1126 1
1012 1186 1
1012 1197 1
1012 1296 1
1013 1242 1
1014 1038 1
1014 1156 1
1015 1265 1
1017 1203 1
1019 1132 1
1023 1123 1
1023 1125 1
1023 1264 1
1028 1103 1
1028 1281 1
1032 1242 1
1034 1083 1
1034 1213 1
1035 1169 1
1036 1069 1
1036 1106 1
1036 1126 1
1036 1186 1
1036 1197 1
1036 1296 1
1038 1156 1
1041 1089 1
1042 1148 1
1045 1228 1
1047 1058 1
1047 1084 1
1047 1098 1
1047 1172 1
1047 1223 1
1047 1293 1
1049 1147 1
1050 1078 1
1050 1210 1
1051 1055 1
1051 1177 1
1052 1106 1
1053 1282 1
1055 1177 1
1058 1084 1
1058 1098 1
1058 1172 1
1058 1223 1
1058 1293 1
1059 1117 1
1064 1106 1
1065 1266 1
1067 1095 1
1069 1126 1
1070 1164 1
1070 1212 1
1071 1282 1
1073 1228 1
1076 1163 1
1076 1246 1
1078 1210 1
1079 1116 1
1079 1151 1
1079 1269 1
1083 1213 1
1084 1098 1
1084 1172 1
1084 1223 1
1084 1293 1
1086 1166 1
1087 1228 1
1088 1282 1
1091 1153 1
1092 1137 1
1093 1136 1
1094 1262 1
1098 1172 1
1098 1223 1
1098 1293 1
1100 1106 1
1100 1197 1
1106 1126 1
1106 1186 1
1106 1197 1
1106 1268 1
1106 1296 1
1107 1130 1
1107 1199 1
1107 1234 1
1112 1131 1
1113 1288 1
1114 1127 1
1116 1151 1
1116 1269 1
1117 1211 1
1117 1250 1
1120 1232 1
1124 1145 1
1124 1297 1
1126 1186 1
1126 1197 1
1126 1296 1
1127 1270 1
1129 1151 1
1129 1187 1
1129 1242 1
1129 1244 1
1130 1199 1
1130 1234 1
1131 1187 1
1135 1202 1
1138 1287 1
1140 1205 1
1145 1297 1
1146 1282 1
1151 1187 1
1151 1242 1
1151 1244 1
1152 1242 1
1153 1176 1
1164 1212 1
1166 1289 1
1166 1292 1
1169 1205 1
1169 1249 1
1172 1223 1
1172 1293 1
1182 1193 1
1186 1197 1
1186 1210 1
1186 1296 1
1187 1242 1
1187 1244 1
1193 1219 1
1197 1296 1
1199 1234 1
1223 1293 1
1228 1299 1
1233 1239 1
1240 1283 1
1242 1244 1
1242 1267 1
1242 1280 1
1262 1284 1
