1 2 1
1 3 1
2 772 1
2 796 1
2 798 1
2 799 1
2 902 1
2 935 1
2 1325 1
3 389 1
3 730 1
3 731 1
3 745 1
3 799 1
4 5 1
4 6 1
4 7 1
4 170 1
4 455 1
4 988 1
4 1210 1
4 1244 1
5 125 1
5 809 1
5 1320 1
6 16 1
6 45 1
6 68 1
6 98 1
6 125 1
6 160 1
6 196 1
6 307 1
6 553 1
6 608 1
6 614 1
6 670 1
6 713 1
6 746 1
6 817 1
6 855 1
6 856 1
6 857 1
6 858 1
6 859 1
6 860 1
6 905 1
6 975 1
6 1032 1
6 1066 1
6 1067 1
6 1068 1
6 1069 1
6 1326 1
6 1327 1
6 1328 1
6 1329 1
6 1330 1
6 1331 1
6 1332 1
6 1333 1
6 1334 1
6 1335 1
7 45 1
7 199 1
7 234 1
7 252 1
7 360 1
7 629 1
7 757 1
7 984 1
7 988 1
7 1121 1
7 1228 1
7 1304 1
7 1336 1
8 9 1
8 690 1
8 1337 1
9 44 1
9 52 1
9 104 1
9 144 1
9 148 1
9 221 1
9 222 1
9 265 1
9 438 1
9 692 1
9 743 1
9 744 1
9 745 1
9 894 1
10 11 1
10 12 1
10 504 1
11 119 1
11 495 1
11 1037 1
11 1111 1
11 1112 1
11 1338 1
12 423 1
12 1339 1
13 303 1
13 527 1
13 781 1
13 783 1
13 918 1
13 1185 1
14 423 1
15 162 1
15 315 1
15 929 1
15 960 1
15 1064 1
15 1214 1
16 423 1
16 863 1
17 734 1
17 1340 1
17 1341 1
18 19 1
18 20 1
18 21 1
18 799 1
19 131 1
19 199 1
19 475 1
19 652 1
19 697 1
19 851 1
19 888 1
21 269 1
21 339 1
21 352 1
21 370 1
21 402 1
21 475 1
21 522 1
21 543 1
21 564 1
21 624 1
21 640 1
21 652 1
21 670 1
21 851 1
21 930 1
21 947 1
21 950 1
21 993 1
22 23 1
22 24 1
22 25 1
22 1342 1
22 1343 1
22 1344 1
23 1123 1
24 1017 1
24 1308 1
24 1343 1
25 1289 1
25 1311 1
25 1343 1
26 27 1
26 1345 1
27 159 1
27 290 1
27 315 1
27 437 1
27 455 1
27 506 1
27 554 1
27 750 1
27 764 1
27 769 1
27 934 1
27 936 1
27 940 1
27 941 1
27 944 1
27 949 1
27 1132 1
27 1191 1
27 1277 1
27 1315 1
27 1322 1
27 1346 1
27 1347 1
27 1348 1
27 1349 1
28 29 1
28 30 1
28 31 1
28 1350 1
28 1351 1
28 1352 1
29 101 1
29 104 1
29 111 1
29 139 1
29 141 1
29 200 1
29 245 1
29 359 1
29 376 1
29 757 1
29 1055 1
29 1105 1
29 1161 1
29 1208 1
29 1352 1
29 1353 1
29 1354 1
29 1355 1
29 1356 1
30 48 1
30 96 1
30 148 1
30 218 1
30 405 1
30 447 1
30 662 1
30 716 1
30 809 1
30 813 1
30 946 1
30 959 1
31 104 1
31 203 1
31 334 1
31 336 1
31 447 1
31 455 1
31 473 1
31 772 1
31 791 1
31 809 1
31 822 1
31 985 1
31 991 1
31 1143 1
31 1291 1
31 1325 1
32 33 1
32 1357 1
32 1358 1
33 1148 1
34 35 1
34 36 1
34 37 1
34 1359 1
35 37 1
35 755 1
36 49 1
36 185 1
36 243 1
36 246 1
36 248 1
36 264 1
36 265 1
36 268 1
36 275 1
36 373 1
36 447 1
36 760 1
36 764 1
36 871 1
36 879 1
36 1136 1
36 1181 1
37 38 1
38 149 1
38 533 1
38 564 1
38 757 1
38 877 1
38 993 1
38 1360 1
39 423 1
40 41 1
40 42 1
40 43 1
40 44 1
40 45 1
40 47 1
41 42 1
41 43 1
41 44 1
41 45 1
41 47 1
41 65 1
41 1009 1
42 43 1
42 44 1
42 45 1
42 47 1
42 170 1
42 872 1
43 44 1
43 45 1
43 47 1
44 45 1
44 46 1
44 47 1
45 47 1
45 58 1
45 63 1
45 170 1
45 188 1
45 194 1
45 333 1
45 424 1
45 468 1
45 471 1
45 701 1
45 771 1
45 817 1
45 923 1
45 989 1
45 1030 1
45 1031 1
45 1032 1
45 1033 1
45 1034 1
45 1035 1
45 1036 1
45 1088 1
45 1185 1
45 1206 1
45 1217 1
45 1242 1
45 1291 1
45 1295 1
45 1308 1
45 1336 1
45 1361 1
45 1362 1
45 1363 1
46 55 1
46 199 1
46 234 1
46 251 1
46 447 1
46 713 1
46 749 1
46 761 1
46 763 1
46 772 1
46 918 1
46 925 1
46 992 1
46 1114 1
46 1185 1
46 1214 1
46 1222 1
46 1233 1
46 1261 1
47 97 1
47 141 1
47 144 1
47 1364 1
47 1365 1
47 1366 1
48 49 1
48 50 1
48 51 1
48 52 1
48 53 1
49 52 1
49 69 1
49 142 1
49 178 1
49 265 1
49 267 1
49 268 1
49 292 1
49 328 1
49 344 1
49 351 1
49 353 1
49 355 1
49 356 1
49 358 1
49 359 1
49 362 1
49 364 1
49 366 1
49 373 1
49 374 1
49 376 1
49 389 1
49 422 1
49 501 1
49 502 1
49 503 1
49 504 1
49 505 1
49 507 1
49 512 1
49 514 1
49 598 1
49 756 1
49 759 1
49 764 1
49 826 1
49 845 1
49 1181 1
49 1223 1
49 1279 1
49 1282 1
49 1311 1
49 1367 1
49 1368 1
49 1369 1
49 1370 1
49 1371 1
50 52 1
50 878 1
50 1233 1
51 321 1
51 652 1
51 653 1
51 654 1
51 782 1
51 1372 1
52 95 1
52 96 1
52 139 1
52 140 1
52 146 1
52 237 1
52 333 1
52 335 1
52 352 1
52 507 1
52 769 1
52 831 1
52 887 1
52 980 1
52 1055 1
52 1373 1
53 323 1
53 715 1
54 455 1
54 1050 1
54 1344 1
54 1374 1
55 56 1
55 57 1
55 58 1
55 59 1
55 60 1
55 61 1
55 62 1
55 63 1
55 382 1
55 517 1
55 643 1
55 772 1
55 988 1
55 1185 1
55 1281 1
55 1308 1
56 87 1
56 157 1
56 170 1
56 265 1
56 286 1
56 435 1
56 550 1
56 557 1
56 635 1
56 664 1
56 668 1
56 737 1
56 782 1
56 962 1
56 971 1
56 1031 1
56 1054 1
56 1210 1
56 1375 1
57 455 1
57 471 1
57 543 1
57 714 1
57 769 1
57 872 1
57 1200 1
57 1287 1
57 1376 1
58 119 1
58 209 1
58 342 1
58 455 1
58 518 1
58 543 1
58 767 1
58 772 1
58 810 1
58 846 1
58 934 1
58 970 1
58 1070 1
58 1143 1
58 1152 1
58 1185 1
58 1377 1
59 339 1
59 586 1
59 631 1
59 652 1
59 732 1
59 772 1
59 993 1
60 466 1
60 467 1
60 468 1
60 469 1
60 471 1
60 554 1
60 585 1
60 766 1
60 767 1
60 818 1
60 821 1
60 823 1
60 1295 1
60 1375 1
61 276 1
61 550 1
61 772 1
61 863 1
61 887 1
61 989 1
61 1064 1
61 1214 1
61 1311 1
62 466 1
62 467 1
62 469 1
62 699 1
62 766 1
62 767 1
62 769 1
62 818 1
62 821 1
62 823 1
62 935 1
62 985 1
63 550 1
64 455 1
64 1378 1
65 99 1
65 104 1
65 110 1
65 112 1
65 113 1
65 988 1
66 67 1
66 68 1
66 69 1
66 70 1
66 1379 1
67 99 1
67 116 1
67 125 1
67 436 1
67 450 1
67 653 1
67 747 1
67 750 1
67 1205 1
67 1269 1
67 1315 1
68 182 1
68 318 1
68 668 1
68 763 1
68 949 1
68 955 1
68 1179 1
68 1214 1
68 1244 1
68 1261 1
68 1286 1
68 1322 1
69 123 1
69 132 1
69 271 1
69 347 1
69 485 1
69 550 1
69 751 1
69 997 1
69 1007 1
69 1110 1
69 1134 1
69 1311 1
69 1380 1
69 1381 1
69 1382 1
69 1383 1
70 644 1
70 1233 1
71 647 1
72 73 1
73 423 1
73 997 1
74 447 1
74 1384 1
75 76 1
75 77 1
76 77 1
76 91 1
77 164 1
77 854 1
78 79 1
78 80 1
78 81 1
78 82 1
78 83 1
78 84 1
78 85 1
78 86 1
78 87 1
78 88 1
79 87 1
79 379 1
79 382 1
79 402 1
79 518 1
79 543 1
79 832 1
79 841 1
79 878 1
79 952 1
80 87 1
80 1385 1
81 87 1
82 87 1
83 87 1
84 87 1
85 87 1
86 87 1
87 88 1
87 1386 1
88 1385 1
89 90 1
89 91 1
89 92 1
89 93 1
89 518 1
89 1387 1
89 1388 1
89 1389 1
90 91 1
91 193 1
91 494 1
91 518 1
91 871 1
91 1020 1
91 1035 1
91 1389 1
91 1390 1
91 1391 1
91 1392 1
91 1393 1
91 1394 1
91 1395 1
91 1396 1
92 582 1
92 1000 1
92 1031 1
92 1397 1
93 359 1
94 970 1
95 96 1
95 97 1
95 98 1
95 608 1
95 1280 1
96 97 1
96 146 1
96 300 1
96 827 1
96 831 1
96 1373 1
97 162 1
97 300 1
97 397 1
97 423 1
97 744 1
97 957 1
97 1240 1
97 1373 1
97 1398 1
98 240 1
98 373 1
98 598 1
98 601 1
98 731 1
98 886 1
98 972 1
98 1293 1
98 1399 1
99 100 1
99 101 1
99 102 1
99 103 1
99 104 1
99 105 1
99 106 1
99 107 1
99 108 1
99 109 1
99 110 1
99 111 1
99 112 1
99 113 1
99 114 1
99 115 1
99 116 1
99 145 1
99 178 1
99 209 1
99 237 1
99 286 1
99 442 1
99 447 1
99 473 1
99 509 1
99 527 1
99 593 1
99 596 1
99 641 1
99 687 1
99 698 1
99 738 1
99 757 1
99 830 1
99 1007 1
99 1010 1
99 1017 1
99 1056 1
99 1065 1
99 1080 1
99 1103 1
99 1183 1
99 1184 1
99 1400 1
99 1401 1
99 1402 1
99 1403 1
99 1404 1
99 1405 1
99 1406 1
99 1407 1
100 104 1
100 109 1
100 110 1
100 112 1
100 113 1
100 141 1
100 221 1
100 542 1
100 671 1
100 888 1
101 104 1
101 109 1
101 110 1
101 112 1
101 113 1
101 141 1
101 221 1
101 268 1
101 373 1
101 542 1
101 745 1
101 813 1
101 888 1
101 1223 1
101 1408 1
102 103 1
102 104 1
102 107 1
102 109 1
102 110 1
102 112 1
102 113 1
102 473 1
102 598 1
102 621 1
102 822 1
102 1032 1
102 1041 1
103 104 1
103 107 1
103 109 1
103 112 1
103 447 1
103 1079 1
103 1409 1
104 105 1
104 109 1
104 110 1
104 112 1
104 113 1
104 115 1
104 116 1
104 142 1
104 143 1
104 144 1
104 145 1
104 150 1
104 211 1
104 212 1
104 213 1
104 214 1
104 215 1
104 216 1
104 217 1
104 218 1
104 219 1
104 220 1
104 221 1
104 222 1
104 268 1
104 373 1
104 407 1
104 436 1
104 888 1
104 1150 1
104 1240 1
104 1247 1
104 1262 1
104 1264 1
104 1307 1
104 1410 1
104 1411 1
104 1412 1
105 110 1
105 221 1
105 373 1
105 492 1
106 107 1
106 109 1
106 112 1
106 141 1
106 389 1
106 447 1
106 471 1
106 1222 1
106 1263 1
107 110 1
107 112 1
108 109 1
108 110 1
108 112 1
108 113 1
108 218 1
108 382 1
108 498 1
108 509 1
108 510 1
108 652 1
108 813 1
108 1408 1
109 110 1
109 111 1
109 112 1
109 113 1
109 114 1
109 116 1
109 141 1
109 143 1
109 147 1
109 178 1
109 211 1
109 213 1
109 215 1
109 217 1
109 221 1
109 375 1
109 376 1
109 671 1
109 985 1
109 986 1
109 1264 1
110 112 1
110 113 1
110 114 1
110 143 1
110 221 1
110 373 1
110 374 1
110 436 1
111 113 1
111 141 1
111 213 1
111 221 1
111 257 1
111 268 1
111 359 1
111 361 1
111 373 1
111 374 1
111 407 1
111 436 1
111 444 1
111 542 1
111 671 1
111 888 1
111 889 1
111 1025 1
111 1065 1
111 1223 1
111 1224 1
111 1240 1
111 1264 1
111 1412 1
112 113 1
112 114 1
112 116 1
112 218 1
112 477 1
113 114 1
113 116 1
113 143 1
113 145 1
113 213 1
113 215 1
113 217 1
113 219 1
113 221 1
113 373 1
113 374 1
113 375 1
113 376 1
113 385 1
113 386 1
113 407 1
113 671 1
113 672 1
113 673 1
113 760 1
113 888 1
113 889 1
113 985 1
113 986 1
113 1181 1
113 1223 1
113 1257 1
113 1264 1
113 1279 1
113 1311 1
113 1413 1
113 1414 1
113 1415 1
113 1416 1
114 116 1
114 141 1
114 221 1
114 268 1
114 357 1
114 373 1
114 407 1
114 600 1
114 608 1
114 628 1
114 813 1
114 1070 1
114 1311 1
115 146 1
115 174 1
115 343 1
115 405 1
115 753 1
115 760 1
115 886 1
116 123 1
116 141 1
116 142 1
116 143 1
116 213 1
116 215 1
116 221 1
116 257 1
116 265 1
116 267 1
116 268 1
116 373 1
116 386 1
116 407 1
116 671 1
116 738 1
116 745 1
116 813 1
116 888 1
116 986 1
116 1025 1
116 1065 1
116 1223 1
116 1264 1
116 1408 1
116 1411 1
116 1417 1
117 118 1
117 1401 1
117 1418 1
117 1419 1
118 1419 1
119 120 1
119 485 1
119 1007 1
119 1017 1
120 455 1
120 735 1
120 744 1
121 364 1
121 389 1
121 608 1
121 744 1
121 763 1
121 948 1
121 1123 1
121 1185 1
121 1218 1
121 1248 1
121 1261 1
121 1346 1
121 1378 1
121 1398 1
122 123 1
122 124 1
122 125 1
122 126 1
122 127 1
122 128 1
122 129 1
122 130 1
122 131 1
122 132 1
122 133 1
122 134 1
122 135 1
122 136 1
122 137 1
122 649 1
123 125 1
123 129 1
123 130 1
123 131 1
123 132 1
123 138 1
123 143 1
123 185 1
123 198 1
123 206 1
123 259 1
123 290 1
123 291 1
123 292 1
123 294 1
123 297 1
123 298 1
123 299 1
123 328 1
123 342 1
123 345 1
123 369 1
123 372 1
123 395 1
123 407 1
123 558 1
123 564 1
123 781 1
123 783 1
123 826 1
123 852 1
123 892 1
123 893 1
123 904 1
123 1142 1
123 1181 1
123 1188 1
123 1189 1
123 1229 1
123 1238 1
123 1269 1
123 1291 1
123 1420 1
123 1421 1
123 1422 1
123 1423 1
123 1424 1
123 1425 1
123 1426 1
123 1427 1
123 1428 1
123 1429 1
123 1430 1
123 1431 1
124 131 1
124 307 1
124 407 1
124 705 1
124 753 1
124 754 1
124 892 1
124 1279 1
124 1432 1
124 1433 1
125 126 1
125 129 1
125 130 1
125 131 1
125 136 1
125 143 1
125 146 1
125 282 1
125 283 1
125 351 1
125 537 1
125 539 1
125 540 1
125 541 1
125 649 1
125 714 1
125 742 1
125 855 1
125 857 1
125 869 1
125 917 1
125 1014 1
125 1029 1
125 1243 1
126 128 1
126 129 1
126 130 1
126 131 1
126 134 1
126 136 1
126 146 1
126 174 1
126 224 1
126 232 1
126 313 1
126 317 1
126 537 1
126 538 1
126 539 1
126 540 1
126 541 1
126 711 1
126 869 1
127 753 1
127 895 1
127 959 1
128 129 1
128 131 1
128 223 1
128 420 1
128 530 1
128 539 1
128 869 1
128 1434 1
129 131 1
129 132 1
129 133 1
129 134 1
129 135 1
129 136 1
129 137 1
129 146 1
129 174 1
129 187 1
129 311 1
129 313 1
129 443 1
129 538 1
129 539 1
129 540 1
129 541 1
129 649 1
129 668 1
129 738 1
129 753 1
129 831 1
129 868 1
129 869 1
129 891 1
129 892 1
129 893 1
129 959 1
129 984 1
129 1435 1
129 1436 1
129 1437 1
129 1438 1
129 1439 1
130 131 1
130 539 1
130 649 1
130 868 1
130 869 1
131 136 1
131 137 1
131 232 1
131 313 1
131 315 1
131 317 1
131 537 1
131 539 1
131 540 1
131 541 1
131 649 1
132 198 1
132 206 1
132 269 1
132 290 1
132 333 1
132 342 1
132 399 1
132 407 1
132 1112 1
132 1229 1
132 1313 1
132 1420 1
133 187 1
133 753 1
133 895 1
134 223 1
134 224 1
134 230 1
134 235 1
134 311 1
134 464 1
134 538 1
134 739 1
134 742 1
134 835 1
134 869 1
134 1434 1
135 648 1
135 753 1
135 895 1
136 538 1
136 539 1
136 649 1
136 711 1
136 869 1
137 138 1
137 172 1
137 174 1
137 258 1
137 405 1
137 413 1
137 634 1
137 753 1
137 754 1
137 959 1
137 1279 1
137 1282 1
138 139 1
138 140 1
138 141 1
138 142 1
138 143 1
138 144 1
138 145 1
138 146 1
138 147 1
138 148 1
138 351 1
138 405 1
138 407 1
138 441 1
138 504 1
138 666 1
138 713 1
138 959 1
138 1042 1
138 1257 1
138 1440 1
138 1441 1
139 140 1
139 142 1
139 178 1
139 344 1
139 351 1
139 353 1
139 355 1
139 356 1
139 358 1
139 359 1
139 360 1
139 361 1
139 362 1
139 364 1
139 366 1
139 407 1
139 422 1
139 500 1
139 502 1
139 503 1
139 504 1
139 505 1
139 507 1
139 511 1
139 512 1
139 513 1
139 514 1
139 1442 1
140 141 1
140 246 1
140 268 1
140 362 1
140 373 1
140 441 1
140 504 1
140 630 1
140 764 1
141 143 1
141 145 1
141 147 1
141 178 1
141 213 1
141 217 1
141 221 1
141 268 1
141 359 1
141 373 1
141 374 1
141 376 1
141 405 1
141 406 1
141 442 1
141 502 1
141 542 1
141 671 1
141 673 1
141 738 1
141 888 1
141 1065 1
141 1279 1
141 1443 1
142 148 1
142 237 1
142 240 1
142 351 1
142 362 1
142 373 1
142 441 1
142 504 1
142 666 1
142 671 1
142 764 1
142 782 1
142 1136 1
142 1181 1
142 1223 1
142 1416 1
142 1444 1
143 211 1
143 221 1
143 268 1
143 373 1
143 382 1
143 407 1
143 441 1
143 542 1
143 666 1
143 671 1
143 888 1
143 1143 1
143 1214 1
143 1279 1
144 148 1
144 222 1
144 240 1
144 265 1
144 438 1
144 652 1
144 744 1
144 745 1
144 894 1
144 930 1
144 1070 1
144 1399 1
145 148 1
145 268 1
145 373 1
145 405 1
145 407 1
145 473 1
145 542 1
145 782 1
145 888 1
145 1065 1
145 1181 1
145 1223 1
145 1257 1
146 172 1
146 174 1
146 175 1
146 177 1
146 208 1
146 268 1
146 315 1
146 362 1
146 407 1
146 408 1
146 413 1
146 443 1
146 598 1
146 599 1
146 634 1
146 753 1
146 754 1
146 914 1
146 959 1
146 1065 1
146 1181 1
146 1279 1
146 1282 1
146 1424 1
147 342 1
147 351 1
147 357 1
147 362 1
147 405 1
147 407 1
147 671 1
147 972 1
147 1223 1
147 1240 1
147 1257 1
147 1279 1
148 208 1
148 240 1
148 498 1
148 745 1
148 754 1
148 813 1
148 988 1
148 1279 1
148 1282 1
148 1445 1
150 151 1
150 152 1
150 153 1
150 154 1
150 769 1
151 769 1
152 310 1
152 387 1
152 574 1
152 579 1
152 582 1
152 629 1
152 652 1
152 880 1
152 881 1
152 882 1
152 883 1
152 884 1
152 902 1
152 1299 1
152 1446 1
152 1447 1
152 1448 1
152 1449 1
153 1085 1
154 769 1
155 156 1
155 157 1
155 158 1
155 159 1
155 160 1
155 161 1
155 179 1
155 322 1
155 833 1
155 848 1
155 1031 1
155 1071 1
155 1094 1
155 1235 1
156 157 1
156 159 1
157 158 1
157 159 1
157 181 1
157 182 1
157 183 1
157 674 1
157 848 1
157 1085 1
157 1222 1
158 159 1
159 716 1
159 717 1
159 1280 1
159 1450 1
159 1451 1
160 182 1
160 199 1
160 221 1
160 234 1
160 252 1
160 360 1
160 362 1
160 757 1
160 905 1
160 1121 1
160 1179 1
160 1180 1
160 1213 1
160 1304 1
160 1336 1
160 1452 1
161 339 1
161 359 1
161 425 1
161 431 1
161 475 1
161 492 1
161 542 1
161 550 1
161 648 1
161 652 1
161 653 1
161 769 1
161 864 1
161 1080 1
161 1222 1
161 1313 1
161 1453 1
161 1454 1
162 163 1
162 221 1
162 257 1
162 790 1
162 791 1
162 871 1
162 876 1
162 919 1
162 1032 1
162 1053 1
162 1202 1
162 1455 1
162 1456 1
162 1457 1
162 1458 1
162 1459 1
162 1460 1
163 680 1
163 854 1
163 906 1
163 966 1
163 978 1
164 270 1
164 664 1
164 781 1
164 784 1
165 166 1
165 167 1
165 168 1
165 250 1
165 1043 1
165 1073 1
165 1136 1
165 1161 1
165 1252 1
165 1461 1
165 1462 1
165 1463 1
166 167 1
166 168 1
166 1016 1
166 1017 1
166 1240 1
166 1252 1
166 1436 1
166 1464 1
166 1465 1
166 1466 1
166 1467 1
166 1468 1
166 1469 1
166 1470 1
167 998 1
167 1032 1
168 1082 1
169 170 1
169 171 1
169 172 1
169 173 1
169 982 1
169 1146 1
169 1471 1
169 1472 1
170 173 1
170 496 1
170 635 1
170 817 1
170 1091 1
170 1132 1
170 1204 1
170 1327 1
170 1473 1
171 172 1
171 173 1
171 776 1
171 785 1
171 1008 1
171 1049 1
171 1148 1
171 1177 1
171 1225 1
171 1243 1
171 1474 1
171 1475 1
171 1476 1
172 173 1
172 246 1
172 250 1
172 931 1
172 1091 1
172 1161 1
172 1166 1
173 423 1
173 497 1
173 505 1
173 644 1
173 1113 1
174 175 1
174 176 1
174 177 1
174 178 1
174 318 1
174 407 1
174 413 1
174 436 1
174 530 1
174 569 1
174 634 1
174 675 1
174 760 1
174 857 1
174 871 1
174 922 1
174 959 1
174 1054 1
174 1066 1
174 1095 1
174 1110 1
174 1125 1
174 1191 1
174 1213 1
174 1214 1
174 1261 1
174 1279 1
174 1311 1
174 1315 1
174 1477 1
174 1478 1
175 907 1
176 485 1
176 628 1
176 783 1
176 809 1
176 993 1
177 268 1
177 301 1
177 306 1
177 405 1
177 473 1
177 753 1
177 1479 1
178 351 1
178 362 1
178 405 1
178 407 1
178 447 1
178 504 1
178 513 1
178 598 1
178 600 1
178 601 1
178 628 1
178 671 1
178 809 1
178 826 1
178 1454 1
179 1480 1
179 1481 1
180 307 1
181 668 1
181 911 1
181 988 1
182 183 1
182 209 1
182 272 1
182 277 1
182 278 1
182 279 1
182 280 1
182 281 1
182 282 1
182 315 1
182 432 1
182 455 1
182 458 1
182 471 1
182 534 1
182 600 1
182 690 1
182 692 1
182 704 1
182 727 1
182 736 1
182 750 1
182 815 1
182 833 1
182 860 1
182 918 1
182 1068 1
182 1073 1
182 1089 1
182 1090 1
182 1093 1
182 1094 1
182 1130 1
182 1187 1
182 1203 1
182 1204 1
182 1222 1
182 1293 1
182 1318 1
182 1320 1
182 1348 1
182 1422 1
182 1444 1
182 1478 1
182 1482 1
182 1483 1
182 1484 1
182 1485 1
182 1486 1
182 1487 1
182 1488 1
182 1489 1
182 1490 1
182 1491 1
182 1492 1
182 1493 1
182 1494 1
182 1495 1
182 1496 1
183 277 1
183 278 1
183 279 1
183 280 1
183 281 1
183 315 1
183 432 1
183 534 1
183 600 1
183 749 1
183 923 1
183 988 1
183 1032 1
183 1035 1
183 1070 1
183 1089 1
183 1269 1
183 1302 1
183 1399 1
183 1421 1
183 1497 1
183 1498 1
183 1499 1
184 185 1
184 186 1
184 187 1
185 187 1
185 267 1
185 268 1
185 270 1
185 345 1
185 346 1
185 369 1
185 488 1
185 489 1
185 647 1
185 806 1
185 807 1
185 849 1
185 850 1
185 950 1
185 1136 1
185 1380 1
185 1500 1
185 1501 1
185 1502 1
185 1503 1
185 1504 1
186 248 1
186 263 1
186 342 1
186 378 1
186 431 1
186 477 1
186 518 1
186 934 1
186 935 1
186 988 1
186 1054 1
186 1217 1
186 1242 1
187 244 1
187 265 1
187 268 1
187 345 1
187 346 1
187 369 1
187 478 1
187 806 1
187 807 1
187 849 1
187 1500 1
187 1501 1
187 1502 1
187 1505 1
188 1506 1
189 190 1
189 191 1
189 192 1
189 193 1
189 194 1
189 195 1
189 196 1
189 197 1
189 334 1
189 515 1
189 693 1
190 197 1
190 410 1
190 1173 1
191 275 1
191 398 1
191 586 1
191 596 1
191 598 1
192 334 1
192 640 1
192 1173 1
192 1507 1
193 257 1
193 835 1
193 870 1
193 871 1
193 919 1
194 394 1
195 1173 1
196 777 1
198 486 1
198 549 1
198 550 1
198 551 1
198 1065 1
198 1311 1
198 1508 1
198 1509 1
199 200 1
199 201 1
199 202 1
199 203 1
199 204 1
199 205 1
199 206 1
199 207 1
199 208 1
199 209 1
199 210 1
199 447 1
199 670 1
199 860 1
199 1073 1
199 1091 1
199 1122 1
199 1510 1
199 1511 1
200 1240 1
200 1300 1
201 248 1
201 447 1
201 601 1
201 753 1
201 919 1
201 931 1
202 656 1
203 204 1
203 205 1
203 206 1
203 207 1
203 378 1
203 718 1
203 719 1
203 720 1
203 721 1
203 722 1
203 723 1
203 724 1
203 725 1
203 726 1
203 727 1
203 728 1
203 774 1
203 801 1
203 828 1
203 905 1
203 928 1
203 1031 1
203 1088 1
203 1123 1
203 1157 1
203 1380 1
203 1512 1
203 1513 1
203 1514 1
203 1515 1
203 1516 1
204 207 1
204 455 1
204 828 1
204 905 1
204 1088 1
204 1123 1
204 1515 1
204 1516 1
204 1517 1
205 207 1
205 290 1
205 727 1
205 733 1
206 207 1
206 287 1
206 289 1
206 290 1
206 847 1
206 1518 1
207 535 1
207 536 1
207 828 1
207 1123 1
207 1281 1
207 1305 1
207 1515 1
207 1519 1
207 1520 1
207 1521 1
208 240 1
208 261 1
208 264 1
208 286 1
208 367 1
208 381 1
208 439 1
208 466 1
208 504 1
208 550 1
208 784 1
208 959 1
208 991 1
209 341 1
209 632 1
209 775 1
209 776 1
209 907 1
209 908 1
209 909 1
209 924 1
209 1084 1
209 1214 1
209 1221 1
209 1261 1
209 1280 1
209 1293 1
209 1315 1
209 1322 1
209 1522 1
209 1523 1
210 246 1
210 268 1
210 342 1
210 407 1
210 436 1
210 477 1
210 674 1
210 697 1
210 760 1
210 857 1
210 947 1
210 1223 1
210 1255 1
210 1311 1
211 213 1
211 373 1
211 375 1
211 888 1
212 221 1
212 436 1
213 221 1
213 257 1
213 373 1
213 407 1
213 436 1
213 542 1
213 671 1
213 886 1
213 1214 1
213 1223 1
213 1264 1
213 1524 1
213 1525 1
213 1526 1
213 1527 1
214 373 1
214 436 1
214 608 1
214 1223 1
214 1311 1
215 268 1
215 373 1
215 888 1
215 1240 1
216 445 1
216 446 1
216 631 1
217 373 1
217 407 1
217 888 1
217 1065 1
218 509 1
218 510 1
218 745 1
218 813 1
219 221 1
219 268 1
220 650 1
220 745 1
221 237 1
221 257 1
221 268 1
221 361 1
221 373 1
221 374 1
221 375 1
221 376 1
221 407 1
221 542 1
221 666 1
221 671 1
221 672 1
221 776 1
221 832 1
221 888 1
221 889 1
221 1002 1
221 1004 1
221 1012 1
221 1048 1
221 1076 1
221 1127 1
221 1148 1
221 1176 1
221 1177 1
221 1223 1
221 1311 1
221 1411 1
221 1413 1
221 1528 1
221 1529 1
221 1530 1
221 1531 1
221 1532 1
222 240 1
222 265 1
222 412 1
222 413 1
222 438 1
222 558 1
222 692 1
222 744 1
222 808 1
222 809 1
222 894 1
222 1399 1
222 1533 1
223 224 1
223 225 1
223 226 1
223 227 1
223 228 1
223 229 1
223 230 1
223 231 1
223 232 1
223 233 1
223 234 1
223 235 1
223 236 1
223 237 1
223 238 1
223 239 1
223 742 1
223 1534 1
224 235 1
224 311 1
224 538 1
224 739 1
224 869 1
224 1434 1
225 235 1
225 984 1
226 230 1
226 233 1
226 234 1
226 538 1
227 235 1
227 237 1
227 742 1
229 230 1
229 235 1
229 742 1
229 984 1
229 1312 1
230 232 1
230 233 1
230 235 1
230 236 1
230 237 1
230 311 1
230 742 1
230 869 1
230 984 1
230 1535 1
231 742 1
232 235 1
232 237 1
232 418 1
232 420 1
232 424 1
232 525 1
232 530 1
232 538 1
232 666 1
232 739 1
232 742 1
232 868 1
232 869 1
232 984 1
232 1434 1
233 234 1
233 235 1
233 236 1
233 538 1
233 742 1
233 869 1
233 984 1
234 235 1
234 237 1
234 245 1
234 311 1
234 538 1
234 869 1
234 984 1
235 237 1
235 238 1
235 239 1
235 312 1
235 314 1
235 984 1
236 538 1
236 984 1
237 240 1
237 407 1
237 443 1
237 485 1
237 504 1
237 538 1
237 628 1
237 741 1
237 742 1
237 984 1
237 1536 1
238 538 1
238 742 1
238 984 1
239 742 1
239 984 1
240 241 1
240 242 1
240 243 1
240 244 1
240 245 1
240 246 1
240 247 1
240 248 1
240 249 1
240 250 1
240 1136 1
240 1537 1
241 265 1
241 810 1
242 273 1
243 248 1
243 265 1
243 267 1
243 268 1
243 435 1
243 450 1
243 478 1
243 738 1
243 1312 1
243 1364 1
243 1538 1
243 1539 1
244 264 1
244 270 1
244 473 1
244 475 1
244 585 1
244 635 1
244 640 1
244 664 1
244 668 1
244 781 1
244 782 1
244 784 1
244 875 1
244 1085 1
245 342 1
245 497 1
245 699 1
245 700 1
245 701 1
245 702 1
245 703 1
245 704 1
245 978 1
245 990 1
245 1540 1
246 267 1
246 302 1
246 632 1
246 1110 1
246 1541 1
246 1542 1
247 989 1
248 265 1
248 267 1
248 268 1
248 310 1
248 653 1
248 1538 1
248 1539 1
248 1543 1
249 513 1
249 960 1
249 988 1
249 1143 1
250 257 1
250 315 1
250 362 1
250 423 1
250 478 1
250 492 1
250 496 1
250 542 1
250 637 1
250 754 1
250 769 1
250 772 1
250 782 1
250 809 1
250 850 1
250 914 1
250 935 1
250 988 1
250 1144 1
250 1205 1
250 1214 1
250 1261 1
250 1363 1
250 1421 1
250 1544 1
250 1545 1
250 1546 1
251 252 1
251 253 1
251 254 1
251 255 1
251 256 1
251 257 1
251 258 1
251 259 1
251 260 1
251 261 1
251 395 1
251 696 1
252 253 1
252 254 1
252 255 1
252 256 1
252 258 1
252 259 1
252 260 1
252 261 1
252 395 1
252 441 1
252 696 1
252 860 1
252 1073 1
252 1547 1
253 254 1
253 256 1
253 257 1
253 258 1
253 259 1
253 260 1
253 261 1
253 274 1
253 395 1
253 441 1
253 696 1
254 255 1
254 256 1
254 257 1
254 258 1
254 259 1
254 260 1
254 261 1
254 262 1
254 274 1
254 395 1
254 441 1
254 696 1
255 256 1
255 258 1
255 259 1
255 260 1
255 395 1
255 441 1
255 696 1
255 748 1
256 257 1
256 258 1
256 259 1
256 260 1
256 261 1
256 395 1
256 441 1
256 694 1
256 696 1
256 748 1
257 258 1
257 259 1
257 260 1
257 375 1
257 395 1
257 412 1
257 413 1
257 441 1
257 536 1
257 608 1
257 672 1
257 696 1
257 748 1
257 835 1
257 891 1
257 986 1
257 999 1
257 1000 1
257 1007 1
257 1014 1
257 1020 1
257 1042 1
257 1043 1
257 1044 1
257 1528 1
257 1548 1
257 1549 1
257 1550 1
257 1551 1
257 1552 1
257 1553 1
258 259 1
258 260 1
258 261 1
258 274 1
258 395 1
258 696 1
258 1554 1
259 260 1
259 261 1
259 274 1
259 395 1
259 441 1
259 694 1
259 695 1
259 696 1
260 261 1
260 441 1
260 696 1
260 748 1
261 273 1
261 274 1
261 321 1
261 395 1
261 441 1
261 582 1
261 738 1
261 788 1
261 1360 1
262 268 1
263 309 1
263 414 1
263 431 1
263 516 1
263 887 1
263 1555 1
264 265 1
264 266 1
264 267 1
264 268 1
264 269 1
264 270 1
264 464 1
265 267 1
265 268 1
265 271 1
265 272 1
265 517 1
265 764 1
265 1136 1
265 1556 1
265 1557 1
266 335 1
266 455 1
266 473 1
266 669 1
266 738 1
266 804 1
266 822 1
266 1205 1
266 1282 1
267 268 1
267 275 1
267 608 1
267 760 1
267 764 1
267 857 1
267 879 1
267 965 1
267 1136 1
267 1181 1
267 1558 1
268 274 1
268 275 1
268 310 1
268 359 1
268 373 1
268 442 1
268 447 1
268 473 1
268 507 1
268 607 1
268 641 1
268 738 1
268 757 1
268 760 1
268 764 1
268 814 1
268 831 1
268 871 1
268 879 1
268 888 1
268 917 1
268 1014 1
268 1025 1
268 1055 1
268 1099 1
268 1136 1
268 1163 1
268 1166 1
268 1179 1
268 1181 1
268 1239 1
268 1246 1
268 1269 1
268 1364 1
268 1557 1
268 1559 1
268 1560 1
268 1561 1
268 1562 1
269 270 1
269 473 1
269 490 1
269 664 1
269 668 1
269 784 1
270 455 1
270 473 1
270 474 1
270 475 1
270 488 1
270 489 1
270 490 1
270 491 1
270 545 1
270 664 1
270 668 1
270 784 1
270 1563 1
270 1564 1
270 1565 1
271 1268 1
272 744 1
272 745 1
272 894 1
272 1399 1
273 274 1
273 275 1
273 1360 1
274 1360 1
275 380 1
275 663 1
275 814 1
275 839 1
275 840 1
275 896 1
276 998 1
276 1129 1
276 1547 1
277 281 1
277 1206 1
278 281 1
278 432 1
278 526 1
278 600 1
278 763 1
278 915 1
279 281 1
279 359 1
279 432 1
279 915 1
280 281 1
281 363 1
281 600 1
281 1482 1
282 283 1
282 608 1
282 984 1
282 1054 1
282 1214 1
282 1236 1
282 1261 1
282 1286 1
282 1314 1
282 1322 1
282 1566 1
282 1567 1
283 757 1
283 892 1
283 984 1
283 1227 1
283 1242 1
283 1286 1
283 1307 1
283 1315 1
283 1566 1
284 285 1
284 1568 1
284 1569 1
285 373 1
286 287 1
286 288 1
286 289 1
286 290 1
286 464 1
286 656 1
286 744 1
286 949 1
286 997 1
286 1019 1
286 1110 1
286 1114 1
286 1214 1
286 1245 1
286 1261 1
286 1318 1
286 1398 1
286 1566 1
286 1570 1
286 1571 1
286 1572 1
286 1573 1
287 290 1
288 601 1
288 753 1
288 875 1
288 972 1
289 290 1
290 422 1
290 847 1
290 961 1
290 1518 1
290 1574 1
290 1575 1
290 1576 1
290 1577 1
291 292 1
291 293 1
291 294 1
291 295 1
291 296 1
291 297 1
291 298 1
291 299 1
291 328 1
291 826 1
291 1578 1
292 293 1
292 294 1
292 295 1
292 297 1
292 298 1
292 299 1
292 328 1
292 329 1
292 545 1
292 826 1
292 1579 1
293 297 1
293 328 1
293 826 1
294 297 1
294 328 1
294 826 1
295 297 1
295 328 1
295 653 1
295 826 1
295 1307 1
296 297 1
296 328 1
296 826 1
297 298 1
297 299 1
297 328 1
297 329 1
297 344 1
297 502 1
297 653 1
297 826 1
298 328 1
298 653 1
298 826 1
299 328 1
299 545 1
299 826 1
300 435 1
301 302 1
301 303 1
301 304 1
301 305 1
301 306 1
301 1580 1
302 303 1
302 304 1
302 716 1
302 1278 1
302 1581 1
302 1582 1
302 1583 1
303 304 1
303 471 1
303 521 1
303 675 1
303 716 1
303 776 1
303 783 1
303 1004 1
303 1015 1
303 1056 1
303 1070 1
303 1198 1
303 1235 1
303 1291 1
303 1581 1
303 1582 1
304 471 1
304 699 1
304 716 1
304 783 1
304 846 1
304 1084 1
304 1128 1
304 1235 1
304 1278 1
304 1584 1
304 1585 1
305 656 1
305 1072 1
305 1222 1
305 1586 1
306 337 1
306 473 1
306 988 1
306 1479 1
307 308 1
307 309 1
307 359 1
307 447 1
307 1239 1
307 1255 1
307 1256 1
307 1587 1
308 1031 1
308 1083 1
308 1588 1
309 558 1
309 993 1
310 1538 1
310 1539 1
310 1543 1
310 1589 1
311 312 1
311 313 1
311 314 1
311 315 1
311 316 1
311 317 1
311 538 1
311 739 1
311 869 1
312 495 1
312 538 1
312 739 1
312 868 1
312 869 1
312 984 1
312 1434 1
313 538 1
313 742 1
313 753 1
313 868 1
313 869 1
314 739 1
314 868 1
314 869 1
315 503 1
315 506 1
315 739 1
315 846 1
315 869 1
315 906 1
315 931 1
315 1000 1
315 1074 1
315 1126 1
315 1178 1
315 1590 1
316 538 1
316 739 1
316 742 1
316 868 1
316 869 1
316 1434 1
317 420 1
317 538 1
317 539 1
317 666 1
317 739 1
317 742 1
317 868 1
317 869 1
317 1307 1
318 319 1
318 320 1
318 321 1
318 542 1
318 601 1
318 1080 1
318 1261 1
318 1348 1
319 321 1
319 506 1
319 754 1
319 864 1
319 1080 1
319 1251 1
319 1399 1
319 1591 1
319 1592 1
320 364 1
320 1064 1
320 1080 1
320 1248 1
321 367 1
321 370 1
321 378 1
321 652 1
321 664 1
321 757 1
321 1343 1
322 323 1
322 436 1
322 509 1
322 608 1
322 643 1
322 1070 1
322 1123 1
322 1143 1
322 1165 1
322 1181 1
322 1214 1
322 1261 1
322 1295 1
322 1322 1
323 477 1
324 325 1
324 326 1
324 327 1
324 523 1
324 528 1
324 608 1
324 671 1
325 608 1
326 608 1
327 608 1
328 329 1
328 487 1
328 653 1
328 826 1
328 1579 1
329 487 1
329 826 1
330 331 1
330 332 1
330 333 1
331 447 1
331 635 1
331 1056 1
331 1129 1
331 1235 1
331 1517 1
331 1593 1
332 1594 1
333 472 1
333 534 1
333 631 1
333 635 1
333 636 1
333 637 1
333 638 1
333 644 1
333 668 1
333 772 1
333 789 1
333 1004 1
333 1031 1
333 1297 1
334 335 1
334 336 1
335 455 1
335 473 1
335 479 1
335 489 1
335 581 1
335 668 1
335 669 1
335 738 1
335 792 1
335 793 1
335 794 1
335 804 1
335 822 1
335 1165 1
335 1299 1
335 1595 1
335 1596 1
335 1597 1
335 1598 1
335 1599 1
335 1600 1
336 455 1
336 791 1
336 792 1
336 793 1
336 794 1
336 795 1
336 822 1
336 985 1
336 1222 1
336 1601 1
336 1602 1
337 473 1
337 1479 1
338 423 1
338 492 1
339 340 1
339 341 1
339 342 1
339 343 1
340 1603 1
341 382 1
341 402 1
341 447 1
341 486 1
341 492 1
341 496 1
341 518 1
341 543 1
341 652 1
341 772 1
341 809 1
341 810 1
341 864 1
341 906 1
341 934 1
341 950 1
342 436 1
342 447 1
342 470 1
342 471 1
342 630 1
342 667 1
342 673 1
342 704 1
342 719 1
342 721 1
342 722 1
342 727 1
342 728 1
342 746 1
342 747 1
342 954 1
342 990 1
342 1251 1
342 1273 1
342 1604 1
342 1605 1
342 1606 1
342 1607 1
342 1608 1
343 1205 1
344 345 1
344 346 1
344 351 1
344 504 1
344 598 1
344 826 1
344 1500 1
345 807 1
345 849 1
345 1132 1
346 849 1
347 348 1
347 349 1
347 450 1
347 608 1
347 656 1
347 1399 1
347 1609 1
348 450 1
348 628 1
348 861 1
349 516 1
350 1610 1
350 1611 1
350 1612 1
350 1613 1
350 1614 1
350 1615 1
351 352 1
351 353 1
351 354 1
351 355 1
351 356 1
351 357 1
351 358 1
351 359 1
351 360 1
351 361 1
351 362 1
351 363 1
351 364 1
351 365 1
351 366 1
351 492 1
351 504 1
351 608 1
351 744 1
351 749 1
351 972 1
351 1240 1
351 1353 1
351 1604 1
351 1616 1
352 357 1
352 450 1
352 972 1
353 504 1
353 1210 1
354 504 1
355 504 1
356 362 1
356 504 1
356 745 1
356 764 1
357 365 1
357 407 1
357 442 1
357 461 1
357 608 1
357 749 1
357 972 1
357 1103 1
357 1196 1
357 1368 1
357 1369 1
357 1604 1
358 504 1
359 360 1
359 362 1
359 407 1
359 447 1
359 493 1
359 504 1
359 507 1
359 508 1
359 764 1
359 1223 1
359 1240 1
359 1257 1
359 1279 1
359 1311 1
359 1416 1
359 1432 1
359 1617 1
360 504 1
360 860 1
360 1025 1
360 1073 1
360 1122 1
360 1318 1
361 362 1
361 502 1
361 504 1
361 759 1
361 764 1
361 1618 1
362 366 1
362 376 1
362 422 1
362 500 1
362 501 1
362 502 1
362 503 1
362 504 1
362 505 1
362 506 1
362 621 1
362 758 1
362 860 1
362 1008 1
362 1031 1
362 1103 1
362 1122 1
362 1181 1
362 1184 1
362 1207 1
362 1367 1
362 1619 1
362 1620 1
362 1621 1
363 378 1
363 447 1
363 457 1
363 496 1
363 518 1
363 543 1
363 653 1
363 674 1
363 714 1
363 922 1
363 935 1
364 504 1
364 1010 1
364 1018 1
364 1622 1
365 608 1
365 972 1
366 504 1
367 368 1
367 369 1
367 370 1
367 371 1
367 372 1
367 857 1
367 1623 1
368 370 1
369 370 1
370 371 1
370 372 1
370 387 1
370 388 1
370 857 1
371 460 1
371 857 1
372 407 1
372 857 1
372 882 1
372 1299 1
373 374 1
373 375 1
373 376 1
373 385 1
373 386 1
373 405 1
373 406 1
373 407 1
373 500 1
373 509 1
373 542 1
373 671 1
373 672 1
373 888 1
373 1028 1
373 1029 1
373 1247 1
373 1264 1
373 1311 1
373 1405 1
373 1411 1
373 1413 1
373 1548 1
373 1624 1
374 407 1
374 666 1
374 671 1
374 810 1
374 888 1
374 1065 1
374 1279 1
375 542 1
375 608 1
375 888 1
375 1264 1
376 671 1
376 757 1
377 423 1
377 744 1
377 1218 1
377 1625 1
377 1626 1
378 1261 1
378 1627 1
378 1628 1
379 380 1
379 504 1
379 689 1
379 1629 1
379 1630 1
380 689 1
380 690 1
380 696 1
380 837 1
380 838 1
380 1631 1
380 1632 1
380 1633 1
380 1634 1
380 1635 1
381 382 1
381 383 1
381 384 1
381 1636 1
382 383 1
382 384 1
382 385 1
382 386 1
383 818 1
384 434 1
385 671 1
385 747 1
385 888 1
385 1240 1
386 1136 1
386 1257 1
387 558 1
387 574 1
387 968 1
387 1637 1
388 436 1
388 664 1
388 857 1
388 1299 1
389 796 1
389 797 1
389 802 1
389 917 1
389 1015 1
389 1091 1
389 1093 1
389 1140 1
389 1161 1
389 1202 1
389 1512 1
389 1638 1
390 391 1
390 392 1
390 393 1
390 1639 1
390 1640 1
390 1641 1
392 948 1
392 1304 1
393 931 1
394 413 1
395 396 1
395 441 1
395 696 1
395 1642 1
395 1643 1
396 671 1
397 398 1
397 399 1
397 427 1
397 464 1
397 515 1
397 713 1
397 1046 1
397 1081 1
397 1101 1
397 1151 1
397 1167 1
397 1192 1
397 1193 1
397 1194 1
397 1195 1
397 1261 1
397 1522 1
397 1644 1
397 1645 1
397 1646 1
398 399 1
398 910 1
398 1647 1
400 401 1
401 414 1
401 987 1
401 1261 1
402 403 1
402 404 1
402 1648 1
403 455 1
403 466 1
403 467 1
403 469 1
403 471 1
403 699 1
403 766 1
403 767 1
403 818 1
403 821 1
403 823 1
403 1185 1
403 1375 1
404 518 1
405 406 1
405 407 1
405 408 1
405 492 1
405 1307 1
406 407 1
406 542 1
406 666 1
406 888 1
406 1240 1
406 1257 1
407 442 1
407 444 1
407 473 1
407 502 1
407 504 1
407 507 1
407 634 1
407 641 1
407 698 1
407 757 1
407 758 1
407 808 1
407 835 1
407 1025 1
407 1055 1
407 1103 1
407 1172 1
407 1184 1
407 1224 1
407 1255 1
407 1258 1
407 1649 1
407 1650 1
407 1651 1
407 1652 1
407 1653 1
407 1654 1
407 1655 1
408 420 1
408 600 1
408 601 1
408 626 1
408 628 1
408 959 1
409 410 1
409 411 1
409 412 1
409 413 1
409 414 1
409 415 1
409 416 1
409 417 1
409 487 1
410 457 1
410 475 1
410 640 1
410 674 1
410 906 1
410 947 1
410 993 1
411 413 1
411 414 1
411 415 1
411 416 1
411 455 1
411 644 1
411 984 1
411 1185 1
411 1214 1
411 1293 1
411 1324 1
411 1336 1
411 1656 1
412 413 1
412 414 1
412 415 1
412 416 1
412 487 1
412 895 1
412 959 1
412 1136 1
413 414 1
413 416 1
413 417 1
413 634 1
413 1136 1
413 1472 1
414 415 1
414 416 1
414 417 1
414 426 1
414 487 1
414 608 1
414 708 1
414 774 1
414 864 1
414 923 1
414 941 1
414 1002 1
414 1046 1
414 1067 1
414 1069 1
414 1136 1
414 1231 1
414 1327 1
414 1335 1
414 1483 1
414 1486 1
414 1657 1
414 1658 1
414 1659 1
414 1660 1
414 1661 1
415 416 1
415 417 1
415 448 1
415 487 1
415 736 1
415 771 1
415 941 1
415 1036 1
415 1066 1
415 1119 1
415 1136 1
415 1662 1
415 1663 1
416 417 1
416 487 1
416 831 1
416 878 1
417 487 1
417 850 1
417 1136 1
418 419 1
418 420 1
418 421 1
418 422 1
418 423 1
418 424 1
418 1664 1
419 420 1
419 424 1
419 530 1
419 629 1
419 666 1
419 739 1
419 742 1
419 869 1
419 1108 1
419 1665 1
420 423 1
420 424 1
420 524 1
420 527 1
420 531 1
420 538 1
420 598 1
420 606 1
420 609 1
420 612 1
420 614 1
420 618 1
420 620 1
420 623 1
420 739 1
420 740 1
420 742 1
420 868 1
420 869 1
420 1666 1
421 666 1
421 742 1
422 504 1
422 666 1
422 764 1
423 424 1
423 465 1
423 482 1
423 515 1
423 525 1
423 530 1
423 538 1
423 556 1
423 632 1
423 713 1
423 739 1
423 740 1
423 742 1
423 831 1
423 868 1
423 869 1
423 919 1
423 1000 1
423 1007 1
423 1017 1
423 1018 1
423 1081 1
423 1082 1
423 1083 1
423 1101 1
423 1102 1
423 1162 1
423 1167 1
423 1168 1
423 1169 1
423 1170 1
423 1171 1
423 1172 1
423 1354 1
423 1434 1
423 1471 1
423 1472 1
423 1645 1
423 1667 1
423 1668 1
423 1669 1
423 1670 1
423 1671 1
424 525 1
424 530 1
424 532 1
424 538 1
424 666 1
424 739 1
424 740 1
424 742 1
424 869 1
424 1094 1
424 1434 1
425 543 1
425 769 1
425 772 1
425 846 1
425 864 1
426 864 1
427 428 1
427 429 1
427 430 1
427 945 1
427 1022 1
427 1037 1
427 1038 1
427 1039 1
427 1040 1
427 1315 1
427 1672 1
428 1293 1
429 1040 1
429 1226 1
429 1408 1
429 1454 1
430 1022 1
430 1125 1
433 776 1
433 1027 1
433 1090 1
433 1137 1
433 1232 1
435 1673 1
435 1674 1
435 1675 1
436 437 1
436 448 1
436 477 1
436 485 1
436 634 1
436 758 1
436 855 1
436 876 1
436 1032 1
436 1074 1
436 1075 1
436 1076 1
436 1077 1
436 1078 1
436 1079 1
436 1437 1
436 1676 1
436 1677 1
436 1678 1
436 1679 1
436 1680 1
436 1681 1
437 1331 1
438 439 1
438 440 1
438 447 1
438 466 1
438 552 1
438 1223 1
439 440 1
439 466 1
439 1048 1
439 1682 1
440 466 1
441 442 1
441 443 1
441 444 1
441 504 1
441 753 1
442 542 1
442 550 1
442 671 1
442 760 1
442 1181 1
442 1223 1
442 1240 1
442 1279 1
442 1282 1
442 1311 1
442 1683 1
443 666 1
443 886 1
444 504 1
444 513 1
445 631 1
446 631 1
447 448 1
447 449 1
447 450 1
447 451 1
447 452 1
447 453 1
447 454 1
447 455 1
447 456 1
447 608 1
447 640 1
447 738 1
447 747 1
447 822 1
447 1136 1
447 1238 1
447 1261 1
447 1262 1
447 1311 1
447 1317 1
447 1660 1
447 1684 1
447 1685 1
447 1686 1
447 1687 1
447 1688 1
447 1689 1
447 1690 1
447 1691 1
447 1692 1
447 1693 1
447 1694 1
447 1695 1
448 653 1
448 1088 1
448 1313 1
448 1453 1
449 598 1
450 466 1
450 473 1
450 738 1
450 1103 1
450 1346 1
450 1364 1
450 1380 1
450 1696 1
451 487 1
451 513 1
451 949 1
451 1697 1
452 1143 1
453 781 1
453 784 1
454 716 1
454 809 1
455 458 1
455 479 1
455 482 1
455 493 1
455 546 1
455 669 1
455 675 1
455 765 1
455 771 1
455 776 1
455 781 1
455 791 1
455 792 1
455 793 1
455 794 1
455 795 1
455 804 1
455 805 1
455 822 1
455 1007 1
455 1016 1
455 1034 1
455 1035 1
455 1045 1
455 1046 1
455 1047 1
455 1048 1
455 1049 1
455 1050 1
455 1051 1
455 1052 1
455 1053 1
455 1054 1
455 1055 1
455 1056 1
455 1057 1
455 1363 1
455 1595 1
455 1596 1
455 1598 1
455 1602 1
455 1698 1
455 1699 1
455 1700 1
455 1701 1
455 1702 1
455 1703 1
456 946 1
456 1099 1
457 458 1
457 459 1
457 1344 1
458 523 1
458 527 1
458 528 1
458 530 1
458 543 1
458 988 1
459 671 1
459 769 1
459 989 1
460 1287 1
460 1704 1
461 462 1
461 492 1
461 1705 1
461 1706 1
461 1707 1
462 608 1
462 892 1
462 960 1
462 1054 1
462 1261 1
462 1322 1
462 1399 1
463 464 1
464 1257 1
464 1372 1
465 1302 1
466 467 1
466 468 1
466 469 1
466 470 1
466 471 1
466 472 1
466 1375 1
467 468 1
467 469 1
467 470 1
467 471 1
467 472 1
467 493 1
467 516 1
467 699 1
467 722 1
467 725 1
467 766 1
467 767 1
467 815 1
467 817 1
467 818 1
467 823 1
467 988 1
467 1295 1
467 1307 1
468 469 1
468 471 1
468 493 1
468 718 1
468 722 1
468 723 1
468 766 1
468 767 1
468 769 1
468 818 1
468 821 1
468 823 1
468 935 1
468 1088 1
468 1222 1
468 1287 1
468 1307 1
468 1309 1
468 1375 1
468 1708 1
469 470 1
469 471 1
469 472 1
469 493 1
469 527 1
469 534 1
469 699 1
469 766 1
469 767 1
469 815 1
469 817 1
469 818 1
469 819 1
469 821 1
469 823 1
469 1143 1
469 1185 1
469 1242 1
469 1248 1
469 1304 1
469 1375 1
470 471 1
470 585 1
470 818 1
470 823 1
470 934 1
470 935 1
470 1348 1
470 1375 1
471 472 1
471 699 1
471 750 1
471 766 1
471 767 1
471 769 1
471 772 1
471 774 1
471 815 1
471 816 1
471 817 1
471 818 1
471 821 1
471 823 1
471 935 1
471 987 1
471 1017 1
471 1023 1
471 1093 1
471 1094 1
471 1161 1
471 1185 1
471 1242 1
471 1248 1
471 1265 1
471 1278 1
471 1293 1
471 1348 1
471 1375 1
471 1421 1
471 1709 1
472 699 1
472 766 1
472 767 1
472 818 1
472 821 1
472 823 1
472 1098 1
472 1375 1
473 474 1
473 475 1
473 476 1
473 477 1
473 478 1
473 479 1
473 480 1
473 640 1
473 747 1
473 1019 1
473 1114 1
473 1282 1
473 1399 1
473 1432 1
473 1504 1
473 1545 1
473 1566 1
473 1572 1
474 781 1
475 585 1
475 668 1
475 781 1
475 784 1
475 1710 1
476 668 1
476 784 1
476 1097 1
477 480 1
477 630 1
477 658 1
477 659 1
477 738 1
477 787 1
477 984 1
477 1143 1
477 1378 1
477 1463 1
477 1477 1
477 1614 1
477 1711 1
477 1712 1
477 1713 1
478 479 1
478 781 1
478 1004 1
478 1714 1
479 669 1
479 738 1
479 804 1
479 1282 1
480 585 1
480 738 1
480 1080 1
481 656 1
481 1411 1
482 656 1
482 744 1
482 930 1
482 974 1
482 1240 1
482 1431 1
483 484 1
483 1715 1
483 1716 1
483 1717 1
483 1718 1
483 1719 1
483 1720 1
484 1132 1
485 608 1
485 656 1
485 1185 1
485 1242 1
485 1269 1
485 1349 1
485 1721 1
485 1722 1
485 1723 1
485 1724 1
486 549 1
487 1725 1
487 1726 1
488 668 1
489 631 1
489 635 1
489 664 1
489 668 1
489 784 1
490 664 1
490 668 1
490 784 1
490 911 1
491 668 1
492 493 1
492 518 1
492 751 1
492 817 1
492 843 1
492 941 1
492 999 1
492 1035 1
492 1067 1
492 1082 1
492 1100 1
492 1111 1
492 1112 1
492 1113 1
492 1327 1
492 1335 1
492 1338 1
492 1369 1
492 1380 1
492 1483 1
492 1484 1
492 1485 1
492 1486 1
492 1517 1
492 1658 1
492 1659 1
492 1727 1
492 1728 1
492 1729 1
492 1730 1
492 1731 1
492 1732 1
493 518 1
493 699 1
493 719 1
493 749 1
493 766 1
493 767 1
493 769 1
493 809 1
493 818 1
493 821 1
493 823 1
493 864 1
493 1054 1
493 1222 1
495 496 1
495 497 1
495 735 1
495 761 1
495 763 1
495 818 1
495 1185 1
495 1214 1
495 1264 1
495 1419 1
495 1733 1
496 497 1
496 1054 1
496 1733 1
497 978 1
497 1054 1
497 1616 1
498 499 1
499 940 1
499 941 1
500 504 1
500 1240 1
501 504 1
501 506 1
501 764 1
502 504 1
502 666 1
502 671 1
502 761 1
502 764 1
502 826 1
502 1240 1
502 1257 1
503 504 1
503 757 1
503 761 1
503 764 1
503 1048 1
503 1260 1
503 1734 1
504 505 1
504 506 1
504 507 1
504 512 1
504 513 1
504 514 1
504 651 1
504 663 1
504 718 1
504 721 1
504 728 1
504 759 1
504 760 1
504 761 1
504 762 1
504 763 1
504 764 1
504 1367 1
504 1380 1
504 1735 1
504 1736 1
504 1737 1
504 1738 1
505 747 1
505 764 1
505 948 1
506 521 1
506 650 1
506 670 1
506 738 1
506 764 1
506 856 1
506 1023 1
506 1029 1
506 1082 1
506 1739 1
506 1740 1
507 931 1
508 564 1
508 919 1
508 935 1
508 962 1
508 966 1
509 510 1
509 984 1
509 1214 1
509 1240 1
509 1262 1
509 1285 1
509 1424 1
510 1183 1
511 764 1
512 1320 1
513 1145 1
514 764 1
515 523 1
515 1054 1
515 1647 1
516 517 1
516 652 1
516 705 1
516 861 1
516 937 1
516 944 1
516 1002 1
516 1028 1
516 1054 1
516 1075 1
516 1140 1
516 1161 1
516 1658 1
516 1741 1
516 1742 1
516 1743 1
516 1744 1
516 1745 1
517 861 1
517 931 1
517 1746 1
517 1747 1
517 1748 1
517 1749 1
517 1750 1
518 519 1
518 520 1
518 521 1
518 1751 1
518 1752 1
519 906 1
519 1185 1
519 1222 1
519 1248 1
519 1296 1
520 543 1
520 640 1
520 906 1
521 543 1
521 906 1
521 1185 1
523 524 1
523 525 1
523 526 1
523 527 1
523 528 1
523 529 1
523 530 1
523 1753 1
524 530 1
524 742 1
525 527 1
525 528 1
526 527 1
526 528 1
526 530 1
526 869 1
526 919 1
526 931 1
527 528 1
527 530 1
527 742 1
527 1307 1
527 1754 1
528 530 1
528 1001 1
528 1157 1
529 753 1
530 531 1
530 532 1
530 1754 1
531 538 1
531 869 1
532 739 1
533 534 1
533 988 1
533 1755 1
534 564 1
534 877 1
535 536 1
536 1280 1
536 1302 1
537 538 1
537 539 1
537 649 1
537 868 1
538 540 1
538 541 1
538 741 1
538 1756 1
538 1757 1
539 540 1
539 541 1
539 649 1
539 868 1
539 869 1
540 649 1
541 649 1
541 764 1
541 869 1
542 543 1
542 544 1
542 671 1
542 888 1
542 1758 1
543 707 1
543 843 1
543 844 1
543 864 1
543 870 1
543 1454 1
543 1759 1
543 1760 1
544 826 1
544 1341 1
545 546 1
545 547 1
545 1295 1
545 1761 1
546 1431 1
547 1295 1
547 1761 1
548 1136 1
548 1762 1
549 550 1
549 551 1
549 1763 1
550 551 1
550 1070 1
551 757 1
552 553 1
552 919 1
552 1240 1
553 810 1
553 894 1
553 1324 1
554 555 1
555 1240 1
557 1764 1
557 1765 1
558 559 1
558 560 1
558 561 1
558 562 1
558 563 1
558 564 1
558 565 1
558 566 1
558 567 1
558 568 1
558 569 1
558 570 1
558 571 1
558 572 1
558 573 1
558 574 1
558 575 1
558 576 1
558 577 1
558 578 1
558 1766 1
559 564 1
559 574 1
559 728 1
559 864 1
559 1637 1
559 1767 1
560 574 1
560 1637 1
561 564 1
561 574 1
561 885 1
561 1320 1
561 1637 1
562 574 1
562 1637 1
562 1768 1
563 564 1
563 574 1
563 1637 1
564 566 1
564 567 1
564 568 1
564 569 1
564 570 1
564 571 1
564 573 1
564 574 1
564 575 1
564 576 1
564 577 1
564 578 1
564 579 1
564 580 1
564 581 1
564 582 1
564 1326 1
564 1637 1
564 1769 1
565 574 1
565 1637 1
566 574 1
566 1637 1
567 574 1
567 849 1
567 901 1
567 1637 1
567 1770 1
567 1771 1
568 574 1
568 1637 1
569 574 1
569 1023 1
569 1637 1
570 574 1
570 628 1
570 782 1
570 885 1
570 1637 1
571 574 1
571 1637 1
572 574 1
572 1637 1
573 574 1
573 885 1
573 1637 1
574 575 1
574 576 1
574 577 1
574 578 1
574 579 1
574 580 1
574 582 1
574 802 1
574 882 1
574 885 1
574 1772 1
575 1637 1
576 1637 1
577 1434 1
577 1637 1
578 1637 1
579 582 1
579 629 1
579 782 1
579 882 1
579 902 1
580 1637 1
581 993 1
582 585 1
582 629 1
582 782 1
582 790 1
582 882 1
582 900 1
582 901 1
582 902 1
582 904 1
582 924 1
582 1446 1
582 1448 1
582 1449 1
582 1773 1
582 1774 1
583 584 1
583 772 1
583 1013 1
583 1775 1
585 629 1
585 713 1
585 782 1
586 587 1
586 588 1
586 589 1
586 590 1
586 591 1
586 592 1
586 593 1
586 594 1
586 595 1
586 596 1
586 597 1
586 598 1
586 599 1
586 1776 1
586 1777 1
586 1778 1
586 1779 1
586 1780 1
586 1781 1
586 1782 1
586 1783 1
587 596 1
587 598 1
588 596 1
588 598 1
589 596 1
589 598 1
589 955 1
590 596 1
590 598 1
591 598 1
592 598 1
593 596 1
593 598 1
594 596 1
594 598 1
595 596 1
595 598 1
596 597 1
596 598 1
596 1403 1
596 1780 1
596 1781 1
596 1782 1
596 1783 1
597 598 1
598 599 1
598 630 1
598 1402 1
598 1403 1
598 1404 1
598 1649 1
598 1779 1
598 1780 1
598 1781 1
598 1782 1
598 1784 1
598 1785 1
598 1786 1
598 1787 1
599 995 1
600 601 1
600 602 1
600 603 1
600 604 1
600 605 1
600 606 1
600 607 1
600 608 1
600 609 1
600 610 1
600 611 1
600 612 1
600 613 1
600 614 1
600 615 1
600 616 1
600 617 1
600 618 1
600 662 1
600 1788 1
600 1789 1
601 606 1
601 609 1
601 610 1
601 612 1
601 614 1
601 615 1
601 619 1
601 620 1
601 621 1
601 622 1
601 623 1
601 624 1
601 625 1
601 1790 1
602 628 1
603 626 1
603 628 1
604 628 1
605 628 1
606 626 1
606 628 1
606 676 1
607 626 1
607 628 1
607 676 1
608 746 1
608 749 1
608 752 1
608 765 1
608 822 1
608 833 1
608 839 1
608 855 1
608 857 1
608 859 1
608 962 1
608 969 1
608 972 1
608 989 1
608 1000 1
608 1001 1
608 1002 1
608 1003 1
608 1004 1
608 1005 1
608 1006 1
608 1007 1
608 1008 1
608 1009 1
608 1010 1
608 1011 1
608 1012 1
608 1013 1
608 1014 1
608 1015 1
608 1016 1
608 1017 1
608 1018 1
608 1791 1
608 1792 1
608 1793 1
608 1794 1
608 1795 1
608 1796 1
609 628 1
610 626 1
610 628 1
611 1637 1
612 626 1
612 628 1
613 628 1
613 676 1
614 626 1
614 676 1
614 935 1
615 895 1
616 1257 1
617 628 1
618 628 1
619 628 1
620 626 1
620 628 1
620 676 1
621 628 1
622 875 1
622 878 1
622 972 1
623 628 1
623 676 1
624 836 1
625 628 1
626 627 1
627 628 1
628 629 1
628 1797 1
628 1798 1
628 1799 1
628 1800 1
628 1801 1
628 1802 1
629 632 1
629 782 1
629 860 1
629 880 1
629 897 1
629 898 1
629 900 1
629 901 1
629 902 1
629 924 1
629 950 1
629 1069 1
629 1073 1
629 1122 1
629 1447 1
629 1803 1
630 648 1
630 892 1
630 1172 1
630 1225 1
630 1433 1
630 1651 1
630 1804 1
631 632 1
631 633 1
631 634 1
631 635 1
631 1282 1
632 1244 1
632 1261 1
633 735 1
634 713 1
634 735 1
634 763 1
634 863 1
634 914 1
634 919 1
634 935 1
634 949 1
634 984 1
634 1123 1
634 1185 1
634 1214 1
634 1242 1
634 1261 1
634 1315 1
634 1376 1
634 1805 1
635 636 1
635 637 1
635 638 1
635 639 1
635 640 1
635 641 1
635 642 1
635 643 1
635 644 1
635 645 1
635 646 1
635 1806 1
636 1136 1
636 1282 1
637 776 1
637 809 1
637 1004 1
637 1007 1
637 1094 1
638 772 1
638 1293 1
638 1807 1
639 640 1
639 789 1
640 688 1
640 703 1
640 765 1
640 1048 1
640 1053 1
640 1128 1
640 1274 1
640 1644 1
640 1711 1
640 1808 1
640 1809 1
640 1810 1
641 644 1
641 1136 1
641 1279 1
641 1311 1
641 1811 1
642 1103 1
642 1118 1
643 789 1
643 1002 1
643 1075 1
643 1078 1
643 1082 1
643 1202 1
643 1213 1
643 1234 1
643 1812 1
644 1087 1
644 1103 1
645 957 1
646 860 1
646 1122 1
648 931 1
649 869 1
650 1813 1
652 654 1
652 656 1
652 657 1
652 787 1
652 1814 1
653 654 1
653 655 1
653 656 1
653 787 1
653 931 1
653 1222 1
653 1304 1
654 656 1
654 657 1
655 656 1
656 657 1
656 678 1
656 790 1
656 991 1
656 1017 1
656 1030 1
656 1080 1
656 1081 1
656 1082 1
656 1083 1
656 1084 1
656 1106 1
656 1159 1
656 1815 1
656 1816 1
656 1817 1
657 809 1
657 1814 1
657 1818 1
658 947 1
659 752 1
659 787 1
659 947 1
660 661 1
661 809 1
661 1206 1
662 663 1
663 671 1
664 665 1
664 849 1
664 1819 1
664 1820 1
664 1821 1
665 1504 1
666 667 1
666 1311 1
667 959 1
668 669 1
668 1822 1
669 792 1
669 793 1
669 804 1
669 1595 1
669 1596 1
669 1597 1
669 1598 1
669 1599 1
670 856 1
670 1127 1
670 1823 1
671 673 1
671 888 1
671 976 1
671 1519 1
672 757 1
672 1415 1
673 888 1
673 1164 1
674 675 1
674 1824 1
675 1088 1
675 1110 1
675 1185 1
675 1188 1
675 1242 1
675 1278 1
675 1293 1
675 1318 1
675 1336 1
675 1363 1
676 677 1
676 679 1
676 1825 1
676 1826 1
676 1827 1
677 679 1
677 1827 1
680 681 1
680 682 1
680 683 1
680 684 1
680 685 1
681 685 1
682 685 1
683 685 1
684 685 1
686 687 1
686 688 1
686 832 1
687 1408 1
688 729 1
688 754 1
688 828 1
688 851 1
689 690 1
689 691 1
689 692 1
689 1828 1
689 1829 1
690 837 1
690 838 1
690 1213 1
690 1240 1
690 1633 1
690 1830 1
691 1292 1
691 1829 1
691 1831 1
692 744 1
692 745 1
692 894 1
692 1363 1
692 1399 1
693 1832 1
693 1833 1
693 1834 1
694 696 1
695 829 1
695 1835 1
697 698 1
698 947 1
698 1660 1
699 767 1
699 818 1
699 821 1
699 823 1
699 935 1
699 1185 1
699 1375 1
700 978 1
701 857 1
701 1222 1
702 955 1
702 963 1
703 978 1
703 988 1
704 978 1
704 1117 1
705 706 1
706 1143 1
707 708 1
707 709 1
707 710 1
707 711 1
707 712 1
707 903 1
707 1836 1
708 709 1
708 710 1
708 712 1
709 711 1
710 711 1
711 712 1
711 1704 1
711 1837 1
712 1838 1
714 1143 1
714 1263 1
716 717 1
716 1450 1
716 1451 1
716 1581 1
717 1281 1
718 719 1
718 725 1
718 728 1
718 767 1
719 721 1
719 722 1
719 723 1
719 725 1
719 726 1
719 728 1
719 733 1
719 767 1
719 1839 1
720 725 1
720 767 1
720 818 1
721 725 1
721 728 1
721 767 1
722 725 1
722 728 1
722 767 1
722 818 1
722 821 1
723 728 1
723 767 1
724 725 1
724 728 1
724 767 1
724 818 1
725 726 1
725 727 1
725 728 1
725 767 1
725 818 1
725 820 1
725 988 1
725 1091 1
725 1267 1
725 1512 1
725 1840 1
726 728 1
726 767 1
726 988 1
727 728 1
727 1054 1
728 733 1
728 767 1
728 818 1
728 820 1
728 830 1
729 730 1
729 731 1
729 860 1
729 983 1
729 1073 1
729 1091 1
729 1122 1
729 1266 1
730 731 1
730 961 1
731 1281 1
731 1841 1
732 1842 1
733 852 1
734 998 1
734 1009 1
735 919 1
735 948 1
735 1007 1
735 1049 1
735 1067 1
735 1099 1
735 1202 1
735 1843 1
737 738 1
737 1236 1
737 1308 1
737 1844 1
738 1055 1
738 1103 1
738 1264 1
738 1317 1
738 1660 1
738 1845 1
739 740 1
739 1757 1
739 1846 1
740 742 1
740 869 1
741 742 1
741 869 1
741 984 1
742 1847 1
743 1037 1
744 816 1
744 919 1
744 999 1
744 1042 1
744 1102 1
744 1146 1
744 1162 1
744 1167 1
744 1168 1
744 1170 1
744 1171 1
744 1472 1
744 1488 1
744 1668 1
744 1848 1
745 808 1
745 894 1
745 1533 1
745 1849 1
745 1850 1
746 969 1
747 1103 1
749 750 1
749 751 1
749 1092 1
749 1293 1
749 1851 1
749 1852 1
749 1853 1
749 1854 1
750 774 1
750 941 1
750 1000 1
750 1085 1
750 1110 1
750 1178 1
750 1289 1
750 1855 1
750 1856 1
751 752 1
751 1312 1
752 1312 1
752 1857 1
753 754 1
753 755 1
753 1858 1
754 1166 1
754 1181 1
754 1590 1
755 875 1
757 758 1
757 860 1
757 1073 1
757 1122 1
757 1223 1
757 1257 1
757 1311 1
757 1517 1
757 1859 1
758 1454 1
760 1103 1
760 1138 1
760 1172 1
760 1224 1
760 1736 1
760 1860 1
760 1861 1
760 1862 1
761 832 1
761 1000 1
761 1015 1
761 1048 1
761 1863 1
762 764 1
763 773 1
763 973 1
763 1010 1
763 1082 1
763 1126 1
763 1161 1
763 1202 1
763 1276 1
763 1277 1
764 983 1
764 1025 1
764 1149 1
764 1150 1
764 1368 1
764 1864 1
764 1865 1
765 940 1
765 941 1
765 1110 1
765 1245 1
765 1261 1
765 1349 1
766 767 1
766 768 1
766 1173 1
766 1698 1
766 1866 1
766 1867 1
767 769 1
767 815 1
767 816 1
767 817 1
767 818 1
767 821 1
767 823 1
767 832 1
767 935 1
767 1143 1
767 1185 1
767 1375 1
768 1810 1
769 770 1
769 771 1
769 1004 1
769 1007 1
769 1032 1
769 1075 1
769 1078 1
769 1126 1
769 1140 1
769 1161 1
769 1234 1
769 1315 1
769 1868 1
769 1869 1
769 1870 1
770 906 1
771 917 1
771 1054 1
771 1089 1
771 1185 1
771 1303 1
771 1309 1
771 1324 1
772 773 1
772 774 1
772 775 1
772 776 1
772 944 1
773 783 1
773 935 1
773 988 1
773 1185 1
774 1021 1
774 1143 1
774 1222 1
774 1242 1
774 1295 1
774 1311 1
774 1545 1
774 1871 1
775 915 1
776 828 1
776 1143 1
776 1185 1
776 1214 1
776 1261 1
777 813 1
778 779 1
778 780 1
779 993 1
781 782 1
781 784 1
782 880 1
782 897 1
782 898 1
782 899 1
782 900 1
782 901 1
782 924 1
782 950 1
782 1381 1
782 1872 1
783 1032 1
783 1052 1
783 1082 1
783 1202 1
783 1278 1
783 1303 1
783 1363 1
783 1582 1
783 1663 1
783 1671 1
785 786 1
785 1217 1
786 913 1
786 1136 1
786 1570 1
787 859 1
787 919 1
787 921 1
787 1016 1
787 1151 1
787 1469 1
787 1803 1
787 1873 1
787 1874 1
787 1875 1
787 1876 1
787 1877 1
787 1878 1
787 1879 1
787 1880 1
787 1881 1
787 1882 1
788 1132 1
789 790 1
791 792 1
791 793 1
791 794 1
791 795 1
791 822 1
791 1601 1
792 796 1
792 799 1
792 804 1
793 796 1
793 798 1
793 799 1
793 804 1
793 1060 1
794 798 1
794 804 1
794 1060 1
795 804 1
795 981 1
795 1200 1
796 797 1
796 798 1
796 799 1
796 800 1
796 801 1
796 1060 1
796 1293 1
796 1646 1
796 1728 1
796 1883 1
797 798 1
797 799 1
798 799 1
798 800 1
798 802 1
798 803 1
798 1646 1
798 1728 1
799 800 1
799 801 1
799 802 1
799 1728 1
799 1884 1
800 981 1
801 1646 1
802 902 1
802 1060 1
802 1646 1
803 857 1
803 924 1
803 1311 1
804 1595 1
804 1596 1
805 1245 1
806 849 1
807 849 1
808 1181 1
809 895 1
809 896 1
809 1181 1
809 1885 1
809 1886 1
810 811 1
810 812 1
810 1887 1
811 1888 1
812 1888 1
813 814 1
813 1624 1
813 1645 1
813 1889 1
814 959 1
815 818 1
815 823 1
815 1084 1
815 1185 1
815 1217 1
815 1375 1
816 1375 1
817 818 1
817 821 1
817 823 1
817 1098 1
817 1244 1
817 1375 1
818 819 1
818 820 1
818 821 1
818 823 1
818 825 1
818 1105 1
818 1161 1
818 1185 1
818 1248 1
818 1303 1
818 1348 1
818 1375 1
819 1375 1
820 1286 1
822 1320 1
822 1714 1
823 824 1
823 1185 1
823 1248 1
823 1375 1
824 977 1
825 1890 1
825 1891 1
825 1892 1
825 1893 1
826 827 1
827 1341 1
829 1835 1
829 1894 1
830 852 1
831 1261 1
831 1545 1
832 833 1
832 834 1
832 1895 1
832 1896 1
832 1897 1
832 1898 1
833 948 1
833 1026 1
833 1182 1
833 1223 1
833 1242 1
833 1261 1
833 1293 1
833 1378 1
833 1541 1
833 1899 1
834 1312 1
835 853 1
835 871 1
835 1031 1
835 1137 1
835 1138 1
835 1139 1
835 1140 1
835 1141 1
835 1900 1
835 1901 1
835 1902 1
836 947 1
837 838 1
837 1517 1
837 1903 1
837 1904 1
838 1497 1
838 1631 1
838 1633 1
839 1147 1
839 1248 1
839 1311 1
840 861 1
840 959 1
841 842 1
841 1905 1
841 1906 1
841 1907 1
841 1908 1
842 1905 1
842 1907 1
843 1292 1
844 1218 1
847 1108 1
849 1909 1
849 1910 1
850 998 1
850 1009 1
850 1911 1
850 1912 1
850 1913 1
851 852 1
851 853 1
851 1327 1
852 1148 1
852 1322 1
853 1136 1
854 988 1
854 1206 1
854 1221 1
854 1242 1
855 863 1
856 1914 1
856 1915 1
857 899 1
857 1023 1
857 1355 1
857 1903 1
857 1914 1
857 1916 1
858 871 1
859 969 1
860 913 1
860 1121 1
860 1135 1
860 1143 1
860 1180 1
860 1204 1
860 1228 1
860 1284 1
860 1304 1
860 1336 1
860 1452 1
860 1463 1
860 1917 1
861 862 1
861 863 1
861 944 1
861 1742 1
861 1918 1
861 1919 1
862 1009 1
863 1023 1
863 1235 1
863 1920 1
864 988 1
864 1292 1
865 866 1
865 867 1
866 943 1
867 935 1
867 943 1
868 869 1
869 1435 1
869 1756 1
870 871 1
870 872 1
870 873 1
870 874 1
870 1050 1
870 1089 1
870 1109 1
870 1191 1
870 1287 1
870 1921 1
870 1922 1
870 1923 1
871 872 1
871 873 1
871 874 1
871 1000 1
871 1030 1
871 1287 1
871 1921 1
871 1924 1
871 1925 1
872 874 1
872 1073 1
872 1148 1
873 988 1
874 1477 1
875 972 1
875 1926 1
875 1927 1
875 1928 1
875 1929 1
876 1930 1
878 1931 1
879 1932 1
880 901 1
880 902 1
881 882 1
881 1322 1
882 883 1
882 902 1
882 1029 1
882 1449 1
883 1299 1
884 902 1
885 1123 1
886 988 1
886 1121 1
886 1933 1
886 1934 1
886 1935 1
886 1936 1
886 1937 1
887 1938 1
888 889 1
888 1181 1
888 1240 1
889 1065 1
889 1223 1
890 948 1
891 948 1
891 1143 1
892 1056 1
892 1131 1
892 1939 1
893 1123 1
893 1188 1
893 1255 1
894 1940 1
895 1941 1
895 1942 1
896 1080 1
897 901 1
898 901 1
898 924 1
899 901 1
900 901 1
900 902 1
901 902 1
901 1773 1
902 903 1
903 921 1
903 1116 1
903 1117 1
903 1305 1
903 1943 1
904 1311 1
905 1944 1
906 1945 1
907 908 1
907 1946 1
908 1214 1
909 1304 1
910 979 1
911 912 1
911 1947 1
911 1948 1
911 1949 1
912 1280 1
913 1320 1
914 1161 1
915 1950 1
916 917 1
916 918 1
916 1072 1
916 1123 1
917 918 1
917 1072 1
917 1123 1
917 1125 1
917 1951 1
918 945 1
918 1000 1
918 1072 1
918 1091 1
918 1093 1
918 1123 1
918 1125 1
918 1899 1
918 1952 1
918 1953 1
919 920 1
919 921 1
919 988 1
919 1022 1
919 1222 1
919 1312 1
919 1320 1
919 1346 1
919 1348 1
919 1863 1
919 1954 1
919 1955 1
919 1956 1
919 1957 1
919 1958 1
919 1959 1
919 1960 1
921 1173 1
922 923 1
923 1210 1
924 1961 1
925 1962 1
925 1963 1
926 1185 1
927 928 1
928 1709 1
931 932 1
931 933 1
931 934 1
931 1085 1
931 1206 1
931 1302 1
931 1406 1
931 1421 1
931 1463 1
931 1964 1
931 1965 1
931 1966 1
931 1967 1
931 1968 1
931 1969 1
932 1143 1
933 1217 1
933 1242 1
933 1281 1
934 1970 1
935 1054 1
935 1070 1
935 1248 1
935 1308 1
935 1971 1
936 937 1
936 938 1
936 939 1
936 1972 1
937 940 1
937 1206 1
937 1300 1
938 941 1
938 1214 1
938 1261 1
939 940 1
940 941 1
940 1973 1
941 988 1
941 1088 1
941 1293 1
942 1524 1
943 1974 1
943 1975 1
943 1976 1
944 945 1
946 1397 1
947 948 1
947 949 1
948 949 1
948 1018 1
948 1091 1
948 1097 1
948 1107 1
948 1108 1
948 1109 1
948 1110 1
948 1421 1
948 1810 1
948 1977 1
948 1978 1
948 1979 1
949 1076 1
949 1113 1
949 1220 1
949 1980 1
951 1095 1
952 953 1
952 1981 1
952 1982 1
953 1308 1
955 956 1
955 957 1
955 958 1
955 1109 1
955 1983 1
955 1984 1
956 957 1
957 958 1
957 1161 1
957 1188 1
957 1239 1
957 1397 1
957 1983 1
957 1985 1
958 1983 1
960 1002 1
960 1029 1
960 1107 1
960 1140 1
961 1306 1
963 1209 1
964 1123 1
967 1197 1
972 1368 1
972 1369 1
972 1432 1
974 1023 1
974 1331 1
974 1986 1
974 1987 1
974 1988 1
974 1989 1
976 1261 1
979 980 1
983 1248 1
983 1296 1
984 991 1
984 1073 1
984 1081 1
984 1110 1
984 1162 1
984 1163 1
985 1222 1
986 1240 1
987 988 1
987 1001 1
987 1003 1
987 1017 1
987 1031 1
988 989 1
988 998 1
988 1000 1
988 1010 1
988 1023 1
988 1030 1
988 1032 1
988 1035 1
988 1053 1
988 1064 1
988 1069 1
988 1077 1
988 1090 1
988 1091 1
988 1094 1
988 1122 1
988 1128 1
988 1203 1
988 1212 1
988 1213 1
988 1214 1
988 1215 1
988 1216 1
988 1217 1
988 1497 1
988 1843 1
988 1869 1
988 1980 1
988 1990 1
988 1991 1
988 1992 1
988 1993 1
988 1994 1
988 1995 1
988 1996 1
988 1997 1
988 1998 1
988 1999 1
991 1214 1
991 1261 1
993 994 1
993 2000 1
993 2001 1
993 2002 1
994 2003 1
996 1173 1
997 998 1
997 999 1
998 1164 1
998 1206 1
998 1223 1
998 1233 1
998 1293 1
998 1315 1
998 1320 1
998 1349 1
998 1363 1
999 1110 1
999 1269 1
999 1315 1
1000 1200 1
1000 1233 1
1000 1348 1
1000 1553 1
1000 2004 1
1001 1271 1
1001 1473 1
1002 1009 1
1002 1132 1
1002 1182 1
1002 1262 1
1002 1313 1
1002 2005 1
1003 1454 1
1004 1037 1
1004 1142 1
1004 1143 1
1004 1261 1
1004 1264 1
1004 1315 1
1004 2006 1
1005 1322 1
1006 1085 1
1007 1048 1
1007 1101 1
1007 1228 1
1007 1269 1
1007 1298 1
1007 1315 1
1007 1349 1
1007 1553 1
1007 1570 1
1007 1592 1
1007 2007 1
1007 2008 1
1008 1261 1
1008 1318 1
1008 1454 1
1008 2007 1
1009 1088 1
1009 1273 1
1009 1570 1
1009 2009 1
1010 1123 1
1010 1242 1
1010 1261 1
1010 1279 1
1010 1293 1
1010 1378 1
1010 1570 1
1010 2008 1
1011 1136 1
1012 1200 1
1012 1242 1
1013 1130 1
1013 1269 1
1013 1318 1
1013 1349 1
1013 1544 1
1013 1549 1
1013 2007 1
1014 1240 1
1014 1311 1
1015 1280 1
1015 1349 1
1015 2010 1
1016 1244 1
1016 1293 1
1017 1062 1
1017 1123 1
1017 1222 1
1017 1262 1
1018 1026 1
1018 1182 1
1018 1223 1
1018 1261 1
1018 1378 1
1018 1541 1
1018 1570 1
1018 1899 1
1019 1020 1
1019 1222 1
1020 1310 1
1020 1553 1
1021 1022 1
1021 1023 1
1021 1024 1
1021 1025 1
1022 1038 1
1022 1123 1
1022 1125 1
1022 1226 1
1023 1114 1
1023 1116 1
1023 1123 1
1023 1124 1
1023 1125 1
1023 1130 1
1023 1210 1
1023 1248 1
1023 1323 1
1023 1399 1
1024 1312 1
1025 1065 1
1025 1694 1
1026 1027 1
1026 1028 1
1026 1029 1
1026 2011 1
1027 2012 1
1028 1054 1
1028 1060 1
1028 1088 1
1028 1097 1
1028 1143 1
1028 2012 1
1029 1072 1
1029 1117 1
1029 1143 1
1029 1156 1
1029 1185 1
1029 1279 1
1029 1694 1
1029 1704 1
1029 1888 1
1029 2012 1
1030 1123 1
1030 1214 1
1030 1289 1
1030 1320 1
1031 1098 1
1031 1143 1
1031 1179 1
1031 1214 1
1031 1217 1
1031 1454 1
1032 1088 1
1032 1121 1
1032 1233 1
1032 1261 1
1032 1293 1
1032 1399 1
1033 1291 1
1034 1185 1
1035 1222 1
1036 1185 1
1036 1271 1
1036 1339 1
1036 1363 1
1037 2013 1
1038 1143 1
1039 1226 1
1040 1408 1
1041 1115 1
1041 1296 1
1041 1646 1
1042 1114 1
1042 1116 1
1042 1123 1
1042 1320 1
1043 1070 1
1044 1064 1
1044 1141 1
1045 1123 1
1046 1054 1
1047 1123 1
1048 1123 1
1048 1181 1
1048 1202 1
1048 1242 1
1048 1261 1
1048 1318 1
1048 2014 1
1049 1143 1
1049 1233 1
1050 1261 1
1050 1318 1
1050 1374 1
1050 2015 1
1051 1136 1
1052 1261 1
1052 1315 1
1053 1085 1
1053 1261 1
1054 1060 1
1054 1090 1
1054 1109 1
1054 1129 1
1054 1130 1
1054 1131 1
1054 1667 1
1054 2016 1
1054 2017 1
1054 2018 1
1054 2019 1
1054 2020 1
1055 1065 1
1055 1240 1
1055 1279 1
1055 1311 1
1056 1093 1
1056 1123 1
1056 1230 1
1056 1269 1
1056 1271 1
1056 1290 1
1056 1311 1
1056 1504 1
1057 1268 1
1058 1059 1
1058 1060 1
1058 1061 1
1058 1873 1
1059 1093 1
1059 1242 1
1060 1110 1
1060 1140 1
1060 1235 1
1060 2021 1
1060 2022 1
1060 2023 1
1060 2024 1
1061 1083 1
1061 1178 1
1061 2025 1
1061 2026 1
1062 1389 1
1062 2027 1
1063 1064 1
1064 1081 1
1064 2028 1
1064 2029 1
1064 2030 1
1064 2031 1
1065 1172 1
1065 1224 1
1065 1249 1
1065 1258 1
1066 1101 1
1066 1214 1
1066 1222 1
1066 1244 1
1066 1303 1
1066 1408 1
1066 2005 1
1067 1348 1
1068 1286 1
1069 1143 1
1069 1217 1
1069 1248 1
1069 1278 1
1069 1348 1
1070 1071 1
1071 1085 1
1071 1304 1
1071 1318 1
1072 1073 1
1072 1125 1
1072 2028 1
1073 1121 1
1073 1180 1
1073 1228 1
1073 1278 1
1073 1313 1
1073 1336 1
1073 1452 1
1073 1917 1
1074 1117 1
1074 1174 1
1074 1175 1
1074 1188 1
1074 1421 1
1074 1951 1
1075 1123 1
1075 1181 1
1075 1185 1
1075 1233 1
1075 1248 1
1075 1293 1
1076 1114 1
1076 1123 1
1076 1181 1
1076 1261 1
1076 1322 1
1076 1377 1
1076 1398 1
1076 1572 1
1076 1592 1
1077 1083 1
1077 1114 1
1077 1123 1
1077 1124 1
1077 1242 1
1077 1399 1
1078 1293 1
1078 1315 1
1079 1185 1
1080 1114 1
1080 1178 1
1080 1214 1
1080 1240 1
1080 1261 1
1080 1419 1
1080 1570 1
1080 1924 1
1080 2032 1
1081 1110 1
1081 1123 1
1081 1261 1
1082 1110 1
1082 1205 1
1082 1293 1
1082 1336 1
1082 1398 1
1082 1570 1
1082 1592 1
1083 1094 1
1083 1123 1
1083 1259 1
1083 1261 1
1083 1280 1
1083 1293 1
1083 1454 1
1083 2033 1
1084 1090 1
1084 1104 1
1084 1280 1
1084 1281 1
1085 1086 1
1085 1087 1
1085 1223 1
1085 1240 1
1085 1365 1
1085 2034 1
1085 2035 1
1086 1553 1
1087 1123 1
1087 1261 1
1087 1262 1
1087 1289 1
1087 1318 1
1087 1558 1
1087 1951 1
1088 1089 1
1088 1090 1
1088 1091 1
1088 1092 1
1088 1093 1
1088 1483 1
1088 2036 1
1088 2037 1
1089 1115 1
1089 1116 1
1089 1185 1
1089 1188 1
1089 1191 1
1089 1197 1
1089 1206 1
1089 1217 1
1089 1293 1
1089 1308 1
1089 1363 1
1090 1217 1
1090 1222 1
1090 1230 1
1090 1242 1
1090 1363 1
1091 1143 1
1091 1185 1
1091 1213 1
1091 1214 1
1091 1248 1
1091 1318 1
1091 1336 1
1091 1853 1
1092 1185 1
1093 1102 1
1093 1185 1
1093 1213 1
1093 1242 1
1093 1244 1
1093 1248 1
1093 2038 1
1093 2039 1
1093 2040 1
1094 1098 1
1094 1286 1
1094 1320 1
1094 1473 1
1094 1592 1
1094 1871 1
1095 1096 1
1095 1589 1
1096 1191 1
1097 1098 1
1097 1099 1
1097 2041 1
1098 1109 1
1098 1115 1
1098 2041 1
1098 2042 1
1099 1160 1
1099 1264 1
1099 2043 1
1100 2044 1
1101 1102 1
1102 1120 1
1102 2008 1
1103 1136 1
1103 1245 1
1103 1295 1
1103 1318 1
1103 1695 1
1104 1105 1
1104 1106 1
1105 1280 1
1106 2045 1
1107 1114 1
1107 1116 1
1107 1242 1
1107 1279 1
1107 1320 1
1108 1229 1
1108 2046 1
1109 1114 1
1109 1143 1
1109 1173 1
1109 1221 1
1109 1222 1
1109 1230 1
1109 1274 1
1109 1291 1
1109 1311 1
1109 1320 1
1109 1399 1
1109 1951 1
1109 2047 1
1110 1128 1
1110 1147 1
1110 1233 1
1110 1278 1
1110 1318 1
1110 1452 1
1110 1471 1
1110 2030 1
1110 2048 1
1110 2049 1
1111 1112 1
1111 1453 1
1111 2008 1
1112 1151 1
1112 1181 1
1112 1338 1
1112 1453 1
1112 2050 1
1112 2051 1
1113 1185 1
1113 1261 1
1114 1115 1
1114 1116 1
1115 1116 1
1115 1221 1
1115 1230 1
1115 1240 1
1115 1592 1
1115 1594 1
1115 1713 1
1115 2015 1
1115 2052 1
1115 2053 1
1115 2054 1
1115 2055 1
1115 2056 1
1115 2057 1
1116 1127 1
1116 1197 1
1116 1221 1
1116 1222 1
1116 1230 1
1116 1240 1
1116 1592 1
1116 2052 1
1116 2053 1
1116 2056 1
1117 1118 1
1117 2058 1
1118 1209 1
1118 1315 1
1119 1454 1
1120 2059 1
1121 1122 1
1121 2060 1
1121 2061 1
1121 2062 1
1122 1135 1
1122 1180 1
1122 1228 1
1122 1278 1
1122 1304 1
1122 1336 1
1122 1463 1
1123 1124 1
1123 1125 1
1123 1126 1
1123 1127 1
1123 1128 1
1123 1129 1
1123 1511 1
1123 1848 1
1123 1860 1
1123 2063 1
1123 2064 1
1123 2065 1
1123 2066 1
1123 2067 1
1123 2068 1
1124 1270 1
1125 1226 1
1125 1953 1
1126 1300 1
1127 1213 1
1128 1214 1
1128 1248 1
1128 1311 1
1128 1315 1
1128 1322 1
1129 1242 1
1129 1322 1
1130 2069 1
1131 1433 1
1132 1133 1
1132 1134 1
1132 1135 1
1132 2070 1
1132 2071 1
1132 2072 1
1133 1135 1
1134 1135 1
1135 1250 1
1135 1473 1
1135 2070 1
1135 2071 1
1135 2072 1
1136 2073 1
1136 2074 1
1136 2075 1
1137 1222 1
1138 1143 1
1138 1242 1
1138 1453 1
1138 2076 1
1139 1281 1
1139 2077 1
1140 1143 1
1140 1182 1
1140 1254 1
1140 2005 1
1141 2078 1
1142 1143 1
1143 1266 1
1143 1268 1
1143 1542 1
1143 1695 1
1143 2079 1
1143 2080 1
1143 2081 1
1143 2082 1
1143 2083 1
1144 1398 1
1144 1431 1
1144 2014 1
1145 1264 1
1146 1261 1
1147 1148 1
1148 1214 1
1148 1244 1
1148 1261 1
1148 1293 1
1148 1315 1
1148 1336 1
1149 1924 1
1150 1874 1
1151 1293 1
1152 1487 1
1152 2084 1
1153 1154 1
1153 1155 1
1153 2085 1
1154 1248 1
1155 1248 1
1156 1157 1
1156 1158 1
1156 1214 1
1156 2086 1
1157 1318 1
1158 1181 1
1159 2077 1
1160 1746 1
1161 1185 1
1161 1217 1
1161 1222 1
1161 1248 1
1161 1285 1
1161 1375 1
1161 2087 1
1162 1240 1
1162 1398 1
1163 1261 1
1164 1165 1
1164 2088 1
1165 1217 1
1165 1225 1
1165 1415 1
1165 2089 1
1166 1257 1
1166 1303 1
1167 1200 1
1168 1218 1
1169 1336 1
1170 1289 1
1170 1315 1
1170 1339 1
1171 1279 1
1172 1223 1
1172 1255 1
1172 1279 1
1172 1282 1
1173 2090 1
1173 2091 1
1174 1175 1
1174 2092 1
1175 1257 1
1175 1856 1
1175 1951 1
1176 1303 1
1177 1261 1
1178 1185 1
1179 1180 1
1179 2093 1
1180 1218 1
1180 1261 1
1181 1249 1
1182 2094 1
1183 1408 1
1184 1262 1
1185 1186 1
1185 1187 1
1185 1462 1
1185 1852 1
1185 1868 1
1185 2095 1
1185 2096 1
1185 2097 1
1186 1269 1
1186 1315 1
1186 1811 1
1187 1248 1
1188 1189 1
1188 1190 1
1188 1255 1
1189 1255 1
1190 1255 1
1191 2098 1
1191 2099 1
1192 1261 1
1193 1398 1
1194 2100 1
1195 2101 1
1196 1875 1
1196 2102 1
1197 2103 1
1198 1199 1
1198 1985 1
1199 1558 1
1199 2104 1
1200 1201 1
1200 2105 1
1201 1348 1
1202 1248 1
1202 1261 1
1202 1318 1
1203 1206 1
1203 1242 1
1203 1269 1
1203 1286 1
1204 1244 1
1205 2106 1
1206 1207 1
1206 2107 1
1206 2108 1
1207 1214 1
1208 1214 1
1208 1271 1
1208 1319 1
1209 2109 1
1209 2110 1
1210 1211 1
1210 1455 1
1211 1213 1
1212 1223 1
1212 1257 1
1213 1235 1
1213 2111 1
1213 2112 1
1213 2113 1
1214 1275 1
1214 1276 1
1214 1277 1
1214 1618 1
1214 1661 1
1214 2114 1
1214 2115 1
1214 2116 1
1214 2117 1
1215 1269 1
1216 1293 1
1216 2101 1
1217 1228 1
1217 1235 1
1217 1242 1
1217 2021 1
1218 1219 1
1218 1220 1
1218 2118 1
1219 1245 1
1220 1838 1
1221 1222 1
1221 2119 1
1221 2120 1
1221 2121 1
1222 1231 1
1222 1301 1
1222 2122 1
1222 2123 1
1222 2124 1
1222 2125 1
1222 2126 1
1222 2127 1
1223 1224 1
1223 1225 1
1223 1650 1
1223 2128 1
1224 1257 1
1224 1683 1
1225 1238 1
1225 1248 1
1225 1279 1
1225 1282 1
1225 1433 1
1225 1888 1
1226 1239 1
1227 2101 1
1228 2129 1
1229 2130 1
1230 1231 1
1231 2076 1
1232 1336 1
1233 1234 1
1233 1235 1
1233 2131 1
1234 1293 1
1235 1239 1
1235 1295 1
1235 1308 1
1235 1336 1
1235 1507 1
1235 2132 1
1236 1237 1
1236 2133 1
1237 1270 1
1238 1651 1
1239 2134 1
1240 1241 1
1240 1242 1
1240 2135 1
1240 2136 1
1240 2137 1
1241 1810 1
1242 1265 1
1242 1272 1
1242 1280 1
1242 1286 1
1242 1591 1
1242 2138 1
1242 2139 1
1243 1280 1
1243 1309 1
1244 2140 1
1245 1246 1
1245 1304 1
1245 2043 1
1245 2141 1
1245 2142 1
1246 1282 1
1246 1318 1
1247 2143 1
1248 1249 1
1248 1920 1
1248 2144 1
1248 2145 1
1248 2146 1
1248 2147 1
1249 1279 1
1249 1282 1
1250 2148 1
1250 2149 1
1251 2150 1
1252 1302 1
1252 1463 1
1253 1254 1
1253 2151 1
1254 2152 1
1255 2153 1
1255 2154 1
1256 1433 1
1257 1258 1
1258 1281 1
1259 2025 1
1260 1261 1
1261 2155 1
1261 2156 1
1261 2157 1
1261 2158 1
1261 2159 1
1261 2160 1
1261 2161 1
1262 2162 1
1262 2163 1
1262 2164 1
1263 2165 1
1264 1558 1
1264 2166 1
1264 2167 1
1265 1318 1
1265 1399 1
1266 1695 1
1267 2168 1
1268 2169 1
1269 1270 1
1269 1559 1
1270 2139 1
1271 1272 1
1272 2170 1
1273 1279 1
1273 1313 1
1273 2171 1
1274 2172 1
1275 1320 1
1276 1295 1
1277 2173 1
1278 2003 1
1279 2174 1
1279 2175 1
1280 1922 1
1280 2176 1
1281 2177 1
1282 1283 1
1282 2178 1
1283 1311 1
1284 1304 1
1285 2179 1
1286 2180 1
1287 1288 1
1287 1925 1
1288 2139 1
1289 1855 1
1289 2181 1
1290 1291 1
1290 2182 1
1291 2183 1
1292 2184 1
1293 1363 1
1293 2185 1
1293 2186 1
1294 1295 1
1294 1810 1
1295 2187 1
1296 1876 1
1297 1311 1
1298 2188 1
1299 2189 1
1299 2190 1
1299 2191 1
1300 2192 1
1300 2193 1
1301 1321 1
1302 2194 1
1303 2195 1
1304 2196 1
1305 2197 1
1306 2198 1
1306 2199 1
1307 2200 1
1307 2201 1
1308 2202 1
1309 2203 1
1309 2204 1
1310 2205 1
1311 2206 1
1311 2207 1
1312 2208 1
1312 2209 1
1313 2210 1
1314 2211 1
1315 1316 1
1315 2212 1
1316 1322 1
1317 2213 1
1317 2214 1
1318 2215 1
1319 2216 1
1320 2217 1
1320 2218 1
1320 2219 1
1321 2220 1
1321 2221 1
1322 2222 1
1323 2223 1
1324 2224 1
